0, -422274 -199502 -470003 -332452 -560705 -148360 -735851 841962;
1, -420361 -199399 -470210 -333693 -561170 -148980 -735024 843979;
2, -420361 -199399 -470210 -333693 -561170 -148980 -735024 843979;
3, -420361 -199399 -470210 -333693 -561170 -148980 -735024 843979;
4, -418396 -199450 -469693 -332917 -561687 -150118 -730680 845789;
5, -418396 -199450 -469693 -332917 -561687 -150118 -730680 845789;
6, -412294 -203432 -473985 -336795 -560808 -150532 -725095 847495;
7, -412294 -203432 -473985 -336795 -560808 -150532 -725095 847495;
8, -404123 -205966 -475537 -340053 -561067 -152652 -724836 846047;
9, -404123 -205966 -475537 -340053 -561067 -152652 -724836 846047;
10, -404123 -205966 -475537 -340053 -561067 -152652 -724836 846047;
11, -401796 -206587 -476105 -343208 -563549 -163459 -732179 843565;
12, -401796 -206587 -476105 -343208 -563549 -163459 -732179 843565;
13, -399935 -207104 -477760 -354325 -587957 -183110 -750589 833481;
14, -399935 -207104 -477760 -354325 -587957 -183110 -750589 833481;
15, -394143 -216825 -496066 -387886 -620638 -205656 -771480 826552;
16, -394143 -216825 -496066 -387886 -620638 -205656 -771480 826552;
17, -395953 -216411 -493480 -410174 -654302 -223755 -795370 818847;
18, -395953 -216411 -493480 -410174 -654302 -223755 -795370 818847;
19, -395953 -216411 -493480 -410174 -654302 -223755 -795370 818847;
20, -393057 -212689 -488516 -415551 -676176 -233890 -812901 814659;
21, -393057 -212689 -488516 -415551 -676176 -233890 -812901 814659;
22, -388506 -209069 -485413 -421085 -702135 -248162 -833482 811039;
23, -388506 -209069 -485413 -421085 -702135 -248162 -833482 811039;
24, -380233 -198468 -481122 -432720 -729025 -260677 -857941 806540;
25, -380233 -198468 -481122 -432720 -729025 -260677 -857941 806540;
26, -376923 -189160 -477140 -447975 -761241 -273708 -881366 802713;
27, -376923 -189160 -477140 -447975 -761241 -273708 -881366 802713;
28, -376923 -189160 -477140 -447975 -761241 -273708 -881366 802713;
29, -370770 -184196 -474502 -454956 -772411 -275931 -891140 801472;
30, -370770 -184196 -474502 -454956 -772411 -275931 -891140 801472;
31, -361358 -189108 -480191 -457748 -771222 -278155 -895018 800335;
32, -361358 -189108 -480191 -457748 -771222 -278155 -895018 800335;
33, -359186 -191177 -483242 -460799 -770239 -279137 -904843 798369;
34, -359186 -191177 -483242 -460799 -770239 -279137 -904843 798369;
35, -359859 -189056 -482569 -473572 -785494 -287566 -912703 792785;
36, -359859 -189056 -482569 -473572 -785494 -287566 -912703 792785;
37, -359859 -189056 -482569 -473572 -785494 -287566 -912703 792785;
38, -368753 -178094 -478743 -484482 -807574 -299408 -945954 787562;
39, -368753 -178094 -478743 -484482 -807574 -299408 -945954 787562;
40, -373148 -176853 -480811 -500306 -813573 -304424 -962450 788751;
41, -373148 -176853 -480811 -500306 -813573 -304424 -962450 788751;
42, -365340 -180938 -494204 -523732 -831000 -326039 -980290 796921;
43, -365340 -180938 -494204 -523732 -831000 -326039 -980290 796921;
44, -377906 -177887 -494877 -530868 -831465 -337364 -983289 802041;
45, -377906 -177887 -494877 -530868 -831465 -337364 -983289 802041;
46, -377906 -177887 -494877 -530868 -831465 -337364 -983289 802041;
47, -382715 -182799 -502582 -534591 -820450 -333020 -973154 806230;
48, -382715 -182799 -502582 -534591 -820450 -333020 -973154 806230;
49, -369839 -183782 -507287 -541830 -824381 -334934 -971551 805506;
50, -369839 -183782 -507287 -541830 -824381 -334934 -971551 805506;
51, -359186 -183420 -511734 -560757 -844600 -349827 -979256 804109;
52, -359186 -183420 -511734 -560757 -844600 -349827 -979256 804109;
53, -359186 -183420 -511734 -560757 -844600 -349827 -979256 804109;
54, -360117 -183575 -516802 -574253 -859079 -363789 -987064 804109;
55, -360117 -183575 -516802 -574253 -859079 -363789 -987064 804109;
56, -363892 -187195 -520318 -570944 -852098 -358463 -965500 810263;
57, -363892 -187195 -520318 -570944 -852098 -358463 -965500 810263;
58, -366374 -179490 -519181 -576839 -856079 -355722 -945695 802558;
59, -366374 -179490 -519181 -576839 -856079 -355722 -945695 802558;
60, -370304 -190401 -525696 -569237 -854476 -371752 -997717 847599;
61, -370304 -190401 -525696 -569237 -854476 -371752 -997717 847599;
62, -370304 -190401 -525696 -569237 -854476 -371752 -997717 847599;
63, -387886 -241285 -578235 -584699 -839325 -377027 -947505 918857;
64, -387886 -241285 -578235 -584699 -839325 -377027 -947505 918857;
65, -395436 -243870 -606056 -651044 -856390 -421964 -810160 1030553;
66, -395436 -243870 -606056 -651044 -856390 -421964 -810160 1030553;
67, -402003 -274845 -621672 -624362 -829034 -424704 -703221 1290970;
68, -402003 -274845 -621672 -624362 -829034 -424704 -703221 1290970;
69, -410536 -304062 -629377 -624568 -824432 -406761 -632480 1441709;
70, -410536 -304062 -629377 -624568 -824432 -406761 -632480 1441709;
71, -410536 -304062 -629377 -624568 -824432 -406761 -632480 1441709;
72, -417672 -305200 -625292 -628602 -836015 -405209 -610658 1491972;
73, -417672 -305200 -625292 -628602 -836015 -405209 -610658 1491972;
74, -415551 -289893 -630050 -638582 -851219 -408312 -602746 1543477;
75, -415551 -289893 -630050 -638582 -851219 -408312 -602746 1543477;
76, -414983 -295737 -633101 -641840 -863474 -408777 -594369 1615096;
77, -414983 -295737 -633101 -641840 -863474 -408777 -594369 1615096;
78, -423722 -334830 -585113 -605435 -875833 -397866 -551656 1712262;
79, -423722 -334830 -585113 -605435 -875833 -397866 -551656 1712262;
80, -423722 -334830 -585113 -605435 -875833 -397866 -551656 1712262;
81, -432875 -330383 -576425 -608745 -896931 -368649 -523783 1714020;
82, -432875 -330383 -576425 -608745 -896931 -368649 -523783 1714020;
83, -432565 -314766 -542968 -592559 -855924 -328935 -516182 1703212;
84, -432565 -314766 -542968 -592559 -855924 -328935 -516182 1703212;
85, -439442 -302511 -537797 -587181 -849616 -310061 -511321 1703006;
86, -439442 -302511 -537797 -587181 -849616 -310061 -511321 1703006;
87, -437012 -302046 -552018 -589870 -839997 -295582 -504133 1676685;
88, -437012 -302046 -552018 -589870 -839997 -295582 -504133 1676685;
89, -437012 -302046 -552018 -589870 -839997 -295582 -504133 1676685;
90, -431685 -304114 -562153 -591887 -846099 -280275 -466125 1683097;
91, -431685 -304114 -562153 -591887 -846099 -280275 -466125 1683097;
92, -424084 -288342 -533505 -583923 -842686 -229805 -456662 1680201;
93, -424084 -288342 -533505 -583923 -842686 -229805 -456662 1680201;
94, -422429 -286997 -488413 -520991 -790613 -213723 -456610 1690543;
95, -422429 -286997 -488413 -520991 -790613 -213723 -456610 1690543;
96, -431013 -279810 -454387 -503409 -777323 -186057 -460644 1692353;
97, -431013 -279810 -454387 -503409 -777323 -186057 -460644 1692353;
98, -431013 -279810 -454387 -503409 -777323 -186057 -460644 1692353;
99, -432461 -278982 -481173 -445854 -694275 -149032 -473365 1680925;
100, -432461 -278982 -481173 -445854 -694275 -149032 -473365 1680925;
101, -430651 -276138 -486448 -429927 -675711 -132795 -462195 1684183;
102, -430651 -276138 -486448 -429927 -675711 -132795 -462195 1684183;
103, -436856 -273501 -446889 -396470 -642874 -100372 -454697 1682321;
104, -436856 -273501 -446889 -396470 -642874 -100372 -454697 1682321;
105, -438356 -266520 -452060 -376716 -608848 -58692 -438460 1682321;
106, -438356 -266520 -452060 -376716 -608848 -58692 -438460 1682321;
107, -438356 -266520 -452060 -376716 -608848 -58692 -438460 1682321;
108, -438304 -261763 -439029 -338502 -580562 -47471 -427394 1684596;
109, -438304 -261763 -439029 -338502 -580562 -47471 -427394 1684596;
110, -443579 -259642 -408364 -324437 -572754 -39456 -426359 1686872;
111, -443579 -259642 -408364 -324437 -572754 -39456 -426359 1686872;
112, -447975 -249610 -409036 -293099 -534332 -13859 -430806 1683407;
113, -447975 -249610 -409036 -293099 -534332 -13859 -430806 1683407;
114, -446992 -236372 -411001 -279292 -511424 18151 -425997 1679529;
115, -446992 -236372 -411001 -279292 -511424 18151 -425997 1679529;
116, -446992 -236372 -411001 -279292 -511424 18151 -425997 1679529;
117, -443993 -211240 -416793 -255867 -482156 24873 -430237 1670014;
118, -443993 -211240 -416793 -255867 -482156 24873 -430237 1670014;
119, -444768 -206431 -411777 -243560 -457231 51298 -428169 1667273;
120, -444768 -206431 -411777 -243560 -457231 51298 -428169 1667273;
121, -443734 -191383 -403399 -226340 -446734 54762 -422532 1665722;
122, -443734 -191383 -403399 -226340 -446734 54762 -422532 1665722;
123, -443269 -185850 -404951 -224375 -445234 57917 -431065 1652846;
124, -443269 -185850 -404951 -224375 -445234 57917 -431065 1652846;
125, -443269 -185850 -404951 -224375 -445234 57917 -431065 1652846;
126, -440839 -170389 -416120 -223341 -441304 56158 -430961 1647158;
127, -440839 -170389 -416120 -223341 -441304 56158 -430961 1647158;
128, -436546 -162684 -426721 -224996 -441769 52280 -428221 1648140;
129, -436546 -162684 -426721 -224996 -441769 52280 -428221 1648140;
130, -432513 -163252 -430910 -228357 -440942 53624 -433237 1644882;
131, -432513 -163252 -430910 -228357 -440942 53624 -433237 1644882;
132, -432306 -163149 -430961 -229339 -440373 47367 -428014 1645451;
133, -432306 -163149 -430961 -229339 -440373 47367 -428014 1645451;
134, -432306 -163149 -430961 -229339 -440373 47367 -428014 1645451;
135, -430393 -163046 -432461 -232028 -438149 41058 -436856 1635833;
136, -430393 -163046 -432461 -232028 -438149 41058 -436856 1635833;
137, -419482 -166200 -439597 -240302 -438149 24097 -446682 1631541;
138, -419482 -166200 -439597 -240302 -438149 24097 -446682 1631541;
139, -409915 -171164 -446889 -247490 -438046 19443 -469383 1596739;
140, -409915 -171164 -446889 -247490 -438046 19443 -469383 1596739;
141, -409915 -171164 -446889 -247490 -438046 19443 -469383 1596739;
142, -403606 -183161 -458524 -263107 -466073 6308 -468504 1567781;
143, -403606 -183161 -458524 -263107 -466073 6308 -468504 1567781;
144, -379044 -190866 -488982 -289428 -470676 -7136 -482931 1495540;
145, -379044 -190866 -488982 -289428 -470676 -7136 -482931 1495540;
146, -368701 -197175 -496842 -308820 -476519 -17375 -499013 1461721;
147, -368701 -197175 -496842 -308820 -476519 -17375 -499013 1461721;
148, -368184 -211809 -502427 -328522 -501289 -31802 -508218 1491145;
149, -368184 -211809 -502427 -328522 -501289 -31802 -508218 1491145;
150, -378371 -222100 -513699 -342535 -514785 -43127 -506615 1495592;
151, -378371 -222100 -513699 -342535 -514785 -43127 -506615 1495592;
152, -378371 -222100 -513699 -342535 -514785 -43127 -506615 1495592;
153, -382767 -236320 -514423 -344397 -531230 -63191 -514527 1508778;
154, -382767 -236320 -514423 -344397 -531230 -63191 -514527 1508778;
155, -400038 -259953 -551035 -382715 -545812 -84600 -517940 1515604;
156, -400038 -259953 -551035 -382715 -545812 -84600 -517940 1515604;
157, -427962 -282188 -553620 -385507 -554086 -87496 -518612 1497505;
158, -427962 -282188 -553620 -385507 -554086 -87496 -518612 1497505;
159, -427962 -282188 -553620 -385507 -554086 -87496 -518612 1497505;
160, -425222 -286584 -576839 -417568 -568513 -91632 -496738 1441657;
161, -425222 -286584 -576839 -417568 -568513 -91632 -496738 1441657;
162, -419482 -287928 -590232 -442079 -573374 -93442 -498083 1417922;
163, -419482 -287928 -590232 -442079 -573374 -93442 -498083 1417922;
164, -416069 -290307 -589560 -451439 -575132 -95201 -515871 1409338;
165, -416069 -290307 -589560 -451439 -575132 -95201 -515871 1409338;
166, -416586 -293048 -588008 -453353 -577304 -97786 -528592 1407062;
167, -416586 -293048 -588008 -453353 -577304 -97786 -528592 1407062;
168, -416586 -293048 -588008 -453353 -577304 -97786 -528592 1407062;
169, -414879 -295788 -598041 -475485 -594317 -114385 -526420 1400236;
170, -414879 -295788 -598041 -475485 -594317 -114385 -526420 1400236;
171, -412811 -304321 -618777 -513958 -624930 -140448 -539038 1399978;
172, -412811 -304321 -618777 -513958 -624930 -140448 -539038 1399978;
173, -410949 -323919 -647632 -550466 -651872 -158547 -532057 1390825;
174, -410949 -323919 -647632 -550466 -651872 -158547 -532057 1390825;
175, -402727 -329401 -663714 -593490 -678917 -180628 -539245 1411354;
176, -402727 -329401 -663714 -593490 -678917 -180628 -539245 1411354;
177, -402727 -329401 -663714 -593490 -678917 -180628 -539245 1411354;
178, -403555 -344087 -691276 -618208 -704462 -203380 -538107 1421386;
179, -403555 -344087 -691276 -618208 -704462 -203380 -538107 1421386;
180, -396729 -370149 -720027 -641788 -732490 -218842 -538366 1422472;
181, -396729 -370149 -720027 -641788 -732490 -218842 -538366 1422472;
182, -397763 -380957 -746452 -668575 -764602 -230529 -535108 1443519;
183, -397763 -380957 -746452 -668575 -764602 -230529 -535108 1443519;
184, -390161 -388093 -768532 -703686 -787872 -241388 -533194 1437727;
185, -390161 -388093 -768532 -703686 -787872 -241388 -533194 1437727;
186, -390161 -388093 -768532 -703686 -787872 -241388 -533194 1437727;
187, -385818 -393006 -778616 -725922 -804006 -249403 -530144 1430539;
188, -385818 -393006 -778616 -725922 -804006 -249403 -530144 1430539;
189, -384628 -394867 -798111 -760103 -824949 -254833 -528644 1430694;
190, -384628 -394867 -798111 -760103 -824949 -254833 -528644 1430694;
191, -380129 -400452 -809591 -772566 -834051 -269106 -526420 1431418;
192, -380129 -400452 -809591 -772566 -834051 -269106 -526420 1431418;
193, -381577 -409760 -815383 -778409 -839118 -274121 -526213 1429660;
194, -381577 -409760 -815383 -778409 -839118 -274121 -526213 1429660;
195, -381577 -409760 -815383 -778409 -839118 -274121 -526213 1429660;
196, -384990 -424136 -824743 -781822 -848840 -284102 -528489 1432091;
197, -384990 -424136 -824743 -781822 -848840 -284102 -528489 1432091;
198, -405675 -435305 -839480 -792165 -851891 -282809 -528230 1427437;
199, -405675 -435305 -839480 -792165 -851891 -282809 -528230 1427437;
200, -410329 -438511 -842324 -800024 -862285 -299563 -532109 1434676;
201, -410329 -438511 -842324 -800024 -862285 -299563 -532109 1434676;
202, -449836 -457696 -854270 -796612 -867715 -295478 -531126 1426971;
203, -449836 -457696 -854270 -796612 -867715 -295478 -531126 1426971;
204, -449836 -457696 -854270 -796612 -867715 -295478 -531126 1426971;
205, -456972 -459765 -855666 -799973 -866008 -289583 -529627 1428057;
206, -456972 -459765 -855666 -799973 -866008 -289583 -529627 1428057;
207, -483655 -470727 -847547 -786321 -864664 -279396 -525851 1425472;
208, -483655 -470727 -847547 -786321 -864664 -279396 -525851 1425472;
209, -505943 -478019 -844910 -777841 -863991 -280068 -530092 1426868;
210, -505943 -478019 -844910 -777841 -863991 -280068 -530092 1426868;
211, -511217 -479311 -844600 -772566 -865026 -280120 -529058 1425937;
212, -511217 -479311 -844600 -772566 -865026 -280120 -529058 1425937;
213, -511217 -479311 -844600 -772566 -865026 -280120 -529058 1425937;
214, -509718 -478794 -845996 -772566 -866680 -283585 -528954 1424799;
215, -509718 -478794 -845996 -772566 -866680 -283585 -528954 1424799;
216, -505788 -478070 -847134 -770498 -878936 -295582 -539090 1427954;
217, -505788 -478070 -847134 -770498 -878936 -295582 -539090 1427954;
218, -492291 -476571 -849460 -772721 -880798 -298581 -539814 1429712;
219, -492291 -476571 -849460 -772721 -880798 -298581 -539814 1429712;
220, -489757 -476467 -850857 -774065 -885348 -298167 -536918 1419732;
221, -489757 -476467 -850857 -774065 -885348 -298167 -536918 1419732;
222, -489757 -476467 -850857 -774065 -885348 -298167 -536918 1419732;
223, -479880 -468607 -844083 -771015 -870403 -256850 -518147 1348577;
224, -479880 -468607 -844083 -771015 -870403 -256850 -518147 1348577;
225, -474037 -463126 -826759 -754519 -845893 -235080 -539917 1301882;
226, -474037 -463126 -826759 -754519 -845893 -235080 -539917 1301882;
227, -471193 -446372 -802920 -728146 -820864 -225203 -591628 1248981;
228, -471193 -446372 -802920 -728146 -820864 -225203 -591628 1248981;
229, -464884 -427497 -767808 -670798 -776651 -215636 -612313 1214645;
230, -464884 -427497 -767808 -670798 -776651 -215636 -612313 1214645;
231, -464884 -427497 -767808 -670798 -776651 -215636 -612313 1214645;
232, -472434 -415655 -725560 -605642 -731249 -207000 -629946 1183566;
233, -472434 -415655 -725560 -605642 -731249 -207000 -629946 1183566;
234, -496842 -411208 -691638 -553155 -702187 -197537 -641581 1170535;
235, -496842 -411208 -691638 -553155 -702187 -197537 -641581 1170535;
236, -503512 -398901 -665679 -516751 -678658 -183368 -650786 1147006;
237, -503512 -398901 -665679 -516751 -678658 -183368 -650786 1147006;
238, -505529 -387834 -641892 -489447 -661490 -172819 -670229 1124305;
239, -505529 -387834 -641892 -489447 -661490 -172819 -670229 1124305;
240, -505529 -387834 -641892 -489447 -661490 -172819 -670229 1124305;
241, -503874 -376044 -624517 -469848 -648097 -161908 -696085 1090641;
242, -503874 -376044 -624517 -469848 -648097 -161908 -696085 1090641;
243, -501651 -360738 -610089 -453353 -634704 -154100 -723285 1068819;
244, -501651 -360738 -610089 -453353 -634704 -154100 -723285 1068819;
245, -485827 -341966 -597627 -448543 -629222 -147894 -744849 1049841;
246, -485827 -341966 -597627 -448543 -629222 -147894 -744849 1049841;
247, -485827 -341966 -597627 -448543 -629222 -147894 -744849 1049841;
248, -478949 -330590 -581751 -426566 -613347 -143085 -757880 1029880;
249, -478949 -330590 -581751 -426566 -613347 -143085 -757880 1029880;
250, -474244 -314611 -566600 -416534 -607607 -140758 -773497 1006507;
251, -474244 -314611 -566600 -416534 -607607 -140758 -773497 1006507;
252, -470727 -300029 -548398 -396987 -593490 -140499 -792320 974756;
253, -470727 -300029 -548398 -396987 -593490 -140499 -792320 974756;
254, -467004 -289221 -531643 -377802 -578752 -142930 -801317 939800;
255, -467004 -289221 -531643 -377802 -578752 -142930 -801317 939800;
256, -463229 -276759 -522904 -372373 -575132 -144481 -818330 896466;
257, -463229 -276759 -522904 -372373 -575132 -144481 -818330 896466;
258, -463229 -276759 -522904 -372373 -575132 -144481 -818330 896466;
259, -463436 -263417 -507960 -358307 -573529 -152186 -832603 914203;
260, -463436 -263417 -507960 -358307 -573529 -152186 -832603 914203;
261, -461161 -251110 -494049 -342846 -553000 -151824 -833172 841135;
262, -461161 -251110 -494049 -342846 -553000 -151824 -833172 841135;
263, -455266 -232752 -477967 -328470 -538624 -155496 -832137 836636;
264, -455266 -232752 -477967 -328470 -538624 -155496 -832137 836636;
265, -455266 -232752 -477967 -328470 -538624 -155496 -832137 836636;
266, -446837 -225823 -477605 -329246 -537745 -160563 -825777 826707;
267, -446837 -225823 -477605 -329246 -537745 -160563 -825777 826707;
268, -429203 -200847 -458265 -318128 -532988 -163046 -827431 823966;
269, -429203 -200847 -458265 -318128 -532988 -163046 -827431 823966;
270, -433754 -161029 -411570 -292841 -514372 -159478 -828672 815383;
271, -433754 -161029 -411570 -292841 -514372 -159478 -828672 815383;
272, -432409 -146860 -383801 -253437 -485775 -157357 -825932 806798;
273, -432409 -146860 -383801 -253437 -485775 -157357 -825932 806798;
274, -432409 -146860 -383801 -253437 -485775 -157357 -825932 806798;
275, -433289 -149239 -375475 -231511 -464987 -150945 -829293 807057;
276, -433289 -149239 -375475 -231511 -464987 -150945 -829293 807057;
277, -434219 -152290 -369787 -208396 -440373 -142206 -830431 804316;
278, -434219 -152290 -369787 -208396 -440373 -142206 -830431 804316;
279, -434168 -154461 -357273 -164752 -395384 -123021 -829655 782908;
280, -434168 -154461 -357273 -164752 -395384 -123021 -829655 782908;
281, -435719 -159581 -341398 -135742 -344397 -85996 -833637 756276;
282, -435719 -159581 -341398 -135742 -344397 -85996 -833637 756276;
283, -435719 -159581 -341398 -135742 -344397 -85996 -833637 756276;
284, -436081 -162528 -326660 -121832 -304786 -70586 -834826 728921;
285, -436081 -162528 -326660 -121832 -304786 -70586 -834826 728921;
286, -434530 -160667 -319782 -115937 -284412 -46799 -848478 654923;
287, -434530 -160667 -319782 -115937 -284412 -46799 -848478 654923;
288, -433547 -158340 -318955 -109783 -256695 -18875 -863164 626068;
289, -433547 -158340 -318955 -109783 -256695 -18875 -863164 626068;
290, -432409 -157099 -310319 -84651 -215326 5119 -889278 553207;
291, -432409 -157099 -310319 -84651 -215326 5119 -889278 553207;
292, -432409 -157099 -310319 -84651 -215326 5119 -889278 553207;
293, -431013 -157513 -300442 -64174 -179490 5481 -921029 466280;
294, -431013 -157513 -300442 -64174 -179490 5481 -921029 466280;
295, -425118 -155599 -295478 -38990 -148411 -12049 -973826 412552;
296, -425118 -155599 -295478 -38990 -148411 -12049 -973826 412552;
297, -420981 -155961 -294858 -31647 -142361 -12721 -1032725 390523;
298, -420981 -155961 -294858 -31647 -142361 -12721 -1032725 390523;
299, -408726 -151462 -300649 -26735 -158392 -15152 -1073319 346517;
300, -408726 -151462 -300649 -26735 -158392 -15152 -1073319 346517;
301, -408726 -151462 -300649 -26735 -158392 -15152 -1073319 346517;
302, -407071 -153272 -298219 -21305 -152704 -26063 -1070423 332451;
303, -407071 -153272 -298219 -21305 -152704 -26063 -1070423 332451;
304, -405520 -153893 -298529 -22650 -144895 -66087 -1111119 271536;
305, -405520 -153893 -298529 -22650 -144895 -66087 -1111119 271536;
306, -413897 -160977 -290307 -13187 -116454 17323 -1129942 228822;
307, -413897 -160977 -290307 -13187 -116454 17323 -1129942 228822;
308, -412811 -159788 -292065 2430 -77567 20064 -1141422 187039;
309, -412811 -159788 -292065 2430 -77567 20064 -1141422 187039;
310, -412811 -159788 -292065 2430 -77567 20064 -1141422 187039;
311, -416431 -162580 -286842 26010 -36870 35887 -1162417 171681;
312, -416431 -162580 -286842 26010 -36870 35887 -1162417 171681;
313, -416741 -161132 -285498 37646 -24201 53262 -1157711 155082;
314, -416741 -161132 -285498 37646 -24201 53262 -1157711 155082;
315, -419947 -166252 -281361 41524 -24253 83979 -1145662 130829;
316, -419947 -166252 -281361 41524 -24253 83979 -1145662 130829;
317, -423929 -166924 -262383 57141 -27407 91477 -1144059 118522;
318, -423929 -166924 -262383 57141 -27407 91477 -1144059 118522;
319, -423929 -166924 -262383 57141 -27407 91477 -1144059 118522;
320, -425790 -166821 -254109 65260 -19444 106060 -1145869 112420;
321, -425790 -166821 -254109 65260 -19444 106060 -1145869 112420;
322, -426308 -167958 -238285 79842 -7860 114023 -1149593 109317;
323, -426308 -167958 -238285 79842 -7860 114023 -1149593 109317;
324, -424808 -166252 -216050 107818 19288 120849 -1160090 106525;
325, -424808 -166252 -216050 107818 19288 120849 -1160090 106525;
326, -427032 -163097 -202811 116660 21201 119505 -1168726 102698;
327, -427032 -163097 -202811 116660 21201 119505 -1168726 102698;
328, -427032 -163097 -202811 116660 21201 119505 -1168726 102698;
329, -430289 -164804 -201209 117488 20271 116453 -1164485 100940;
330, -430289 -164804 -201209 117488 20271 116453 -1164485 100940;
331, -431789 -165631 -199450 117643 18461 116247 -1163244 98510;
332, -431789 -165631 -199450 117643 18461 116247 -1163244 98510;
333, -434219 -164545 -181868 138586 39404 117488 -1163141 95303;
334, -434219 -164545 -181868 138586 39404 117488 -1163141 95303;
335, -435771 -161598 -170233 146860 44730 118057 -1166037 92408;
336, -435771 -161598 -170233 146860 44730 118057 -1166037 92408;
337, -435771 -161598 -170233 146860 44730 118057 -1166037 92408;
338, -438770 -159323 -164804 154617 49539 117333 -1164123 91529;
339, -438770 -159323 -164804 154617 49539 117333 -1164123 91529;
340, -437580 -157151 -161856 157305 43799 119453 -1163244 93080;
341, -437580 -157151 -161856 157305 43799 119453 -1163244 93080;
342, -435719 -160460 -160408 156530 39611 123021 -1161745 92098;
343, -435719 -160460 -160408 156530 39611 123021 -1161745 92098;
344, -436701 -160977 -162787 154565 43334 126072 -1165468 93856;
345, -436701 -160977 -162787 154565 43334 126072 -1165468 93856;
346, -436701 -160977 -162787 154565 43334 126072 -1165468 93856;
347, -436133 -158495 -161804 155237 37284 125348 -1162365 92201;
348, -436133 -158495 -161804 155237 37284 125348 -1162365 92201;
349, -434788 -160512 -161856 150324 20995 123590 -1155436 90443;
350, -434788 -160512 -161856 150324 20995 123590 -1155436 90443;
351, -434478 -160615 -166510 140758 3206 139931 -1119703 89357;
352, -434478 -160615 -166510 140758 3206 139931 -1119703 89357;
353, -436494 -160046 -181610 110610 -21874 199088 -1082833 93442;
354, -436494 -160046 -181610 110610 -21874 199088 -1082833 93442;
355, -436494 -160046 -181610 110610 -21874 199088 -1082833 93442;
356, -430910 -149859 -204983 85841 -41576 266468 -1107448 97734;
357, -430910 -149859 -204983 85841 -41576 266468 -1107448 97734;
358, -422636 -145516 -227892 71517 -58744 254729 -1088470 90908;
359, -422636 -145516 -227892 71517 -58744 254729 -1088470 90908;
360, -421550 -146860 -236114 44420 -90495 250903 -1087022 91115;
361, -421550 -146860 -236114 44420 -90495 250903 -1087022 91115;
362, -421292 -145567 -251368 14686 -129640 252402 -1047773 85944;
363, -421292 -145567 -251368 14686 -129640 252402 -1047773 85944;
364, -421292 -145567 -251368 14686 -129640 252402 -1047773 85944;
365, -418809 -144171 -266313 -12566 -165218 268278 -1044102 76894;
366, -418809 -144171 -266313 -12566 -165218 268278 -1044102 76894;
367, -416896 -144740 -272415 -26269 -184454 291134 -1052789 70586;
368, -416896 -144740 -272415 -26269 -184454 291134 -1052789 70586;
369, -416431 -148825 -283481 -38473 -193917 289014 -1036707 64587;
370, -416431 -148825 -283481 -38473 -193917 289014 -1036707 64587;
371, -416431 -148825 -283481 -38473 -193917 289014 -1036707 64587;
372, -417672 -147015 -291548 -55021 -215171 275259 -1001336 59106;
373, -417672 -147015 -291548 -55021 -215171 275259 -1001336 59106;
374, -418292 -146188 -296150 -62623 -222669 278775 -1017988 58847;
375, -418292 -146188 -296150 -62623 -222669 278775 -1017988 58847;
376, -415655 -151928 -320144 -78808 -234666 285963 -1006973 50367;
377, -415655 -151928 -320144 -78808 -234666 285963 -1006973 50367;
378, -412811 -156892 -341811 -104871 -260470 278155 -968707 49591;
379, -412811 -156892 -341811 -104871 -260470 278155 -968707 49591;
380, -414983 -162115 -356549 -105646 -260211 286170 -982307 49643;
381, -414983 -162115 -356549 -105646 -260211 286170 -982307 49643;
382, -414983 -162115 -356549 -105646 -260211 286170 -982307 49643;
383, -413587 -164338 -360220 -110611 -262125 287773 -977860 48505;
384, -413587 -164338 -360220 -110611 -262125 287773 -977860 48505;
385, -415034 -165476 -361927 -113248 -263262 289014 -980962 48660;
386, -415034 -165476 -361927 -113248 -263262 289014 -980962 48660;
387, -416482 -168630 -365288 -113144 -256384 327797 -1010955 45402;
388, -416482 -168630 -365288 -113144 -256384 327797 -1010955 45402;
389, -416482 -168630 -365288 -113144 -256384 327797 -1010955 45402;
390, -420619 -176491 -371028 -135018 -274328 310577 -940783 29786;
391, -420619 -176491 -371028 -135018 -274328 310577 -940783 29786;
392, -351016 -190815 -388972 -152135 -285963 300390 -958209 36508;
393, -351016 -190815 -388972 -152135 -285963 300390 -958209 36508;
394, -338037 -193142 -392644 -144533 -278827 326608 -988460 40024;
395, -338037 -193142 -392644 -144533 -278827 326608 -988460 40024;
396, -383439 -201467 -395125 -155496 -280430 331676 -992028 36301;
397, -383439 -201467 -395125 -155496 -280430 331676 -992028 36301;
398, -383439 -201467 -395125 -155496 -280430 331676 -992028 36301;
399, -420981 -251523 -423980 -166045 -268330 380026 -1018091 37284;
400, -420981 -251523 -423980 -166045 -268330 380026 -1018091 37284;
401, -432047 -253540 -422326 -154306 -237303 409656 -1041826 45557;
402, -432047 -253540 -422326 -154306 -237303 409656 -1041826 45557;
403, -454077 -274742 -431737 -149808 -207879 439700 -1073112 51349;
404, -454077 -274742 -431737 -149808 -207879 439700 -1073112 51349;
405, -450457 -323092 -456197 -150221 -182489 455938 -1076369 52642;
406, -450457 -323092 -456197 -150221 -182489 455938 -1076369 52642;
407, -450457 -323092 -456197 -150221 -182489 455938 -1076369 52642;
408, -452422 -335451 -461988 -150842 -175818 467573 -1082006 55951;
409, -452422 -335451 -461988 -150842 -175818 467573 -1082006 55951;
410, -453973 -344811 -474709 -144999 -150532 480294 -1098295 57503;
411, -453973 -344811 -474709 -144999 -150532 480294 -1098295 57503;
412, -457541 -400400 -504029 -137862 -115161 495600 -1106052 56313;
413, -457541 -400400 -504029 -137862 -115161 495600 -1106052 56313;
414, -464212 -448130 -537021 -129227 -83307 505012 -1116290 56365;
415, -464212 -448130 -537021 -129227 -83307 505012 -1116290 56365;
416, -464212 -448130 -537021 -129227 -83307 505012 -1116290 56365;
417, -469280 -472434 -553776 -134915 -58227 532522 -1136509 56262;
418, -469280 -472434 -553776 -134915 -58227 532522 -1136509 56262;
419, -475950 -480811 -576425 -132588 -54504 528902 -1129942 56882;
420, -475950 -480811 -576425 -132588 -54504 528902 -1129942 56882;
421, -483242 -516854 -597730 -146084 -47161 523007 -1131287 57503;
422, -483242 -516854 -597730 -146084 -47161 523007 -1131287 57503;
423, -495135 -553000 -615881 -144481 -29631 533970 -1153005 62053;
424, -495135 -553000 -615881 -144481 -29631 533970 -1153005 62053;
425, -495135 -553000 -615881 -144481 -29631 533970 -1153005 62053;
426, -496893 -563549 -618105 -132484 -7550 544312 -1177982 66759;
427, -496893 -563549 -618105 -132484 -7550 544312 -1177982 66759;
428, -500151 -583355 -630825 -59985 9205 552896 -1233313 69086;
429, -500151 -583355 -630825 -59985 9205 552896 -1233313 69086;
430, -508942 -576942 -602643 -87651 35629 522904 -1350594 42506;
431, -508942 -576942 -602643 -87651 35629 522904 -1350594 42506;
432, -485879 -587802 -573995 -73482 -33406 370562 -1475166 65104;
433, -485879 -587802 -573995 -73482 -33406 370562 -1475166 65104;
434, -485879 -587802 -573995 -73482 -33406 370562 -1475166 65104;
435, -481070 -576012 -527144 -68673 -119350 198829 -1512967 84341;
436, -481070 -576012 -527144 -68673 -119350 198829 -1512967 84341;
437, -477812 -554655 -491050 -73999 -201209 129588 -1510588 82893;
438, -477812 -554655 -491050 -73999 -201209 129588 -1510588 82893;
439, -476726 -551139 -507649 -107042 -262797 124986 -1449724 72706;
440, -476726 -551139 -507649 -107042 -262797 124986 -1449724 72706;
441, -473210 -521353 -521198 -160822 -325057 130829 -1397186 111024;
442, -473210 -521353 -521198 -160822 -325057 130829 -1397186 111024;
443, -473210 -521353 -521198 -160822 -325057 130829 -1397186 111024;
444, -472796 -342690 -632791 -322678 -411363 104353 -1401840 137500;
445, -472796 -342690 -632791 -322678 -411363 104353 -1401840 137500;
446, -478174 -268278 -636824 -406554 -465970 86616 -1386068 150997;
447, -478174 -268278 -636824 -406554 -465970 86616 -1386068 150997;
448, -479932 -237768 -588991 -471606 -528282 50677 -1378208 158702;
449, -479932 -237768 -588991 -471606 -528282 50677 -1378208 158702;
450, -481380 -213413 -544209 -581545 -593180 -44110 -1245413 182334;
451, -481380 -213413 -544209 -581545 -593180 -44110 -1245413 182334;
452, -481380 -213413 -544209 -581545 -593180 -44110 -1245413 182334;
453, -481742 -217239 -465505 -717442 -677521 -85841 -1128753 190504;
454, -481742 -217239 -465505 -717442 -677521 -85841 -1128753 190504;
455, -481742 -232028 -410742 -753122 -805765 -177318 -794129 463798;
456, -481742 -232028 -410742 -753122 -805765 -177318 -794129 463798;
457, -480191 -247542 -396160 -659836 -863112 -210258 -864405 560550;
458, -480191 -247542 -396160 -659836 -863112 -210258 -864405 560550;
459, -480087 -245060 -379044 -668316 -872731 -200381 -861251 568978;
460, -480087 -245060 -379044 -668316 -872731 -200381 -861251 568978;
461, -480087 -245060 -379044 -668316 -872731 -200381 -861251 568978;
462, -476519 -248731 -351120 -650941 -906395 -255919 -860113 573839;
463, -476519 -248731 -351120 -650941 -906395 -255919 -860113 573839;
464, -476054 -249972 -342587 -629119 -946781 -307113 -848840 579321;
465, -476054 -249972 -342587 -629119 -946781 -307113 -848840 579321;
466, -476157 -251368 -340984 -597989 -1021814 -329452 -823760 606107;
467, -476157 -251368 -340984 -597989 -1021814 -329452 -823760 606107;
468, -476105 -247490 -339019 -612675 -1095761 -325005 -772669 653992;
469, -476105 -247490 -339019 -612675 -1095761 -325005 -772669 653992;
470, -476105 -247490 -339019 -612675 -1095761 -325005 -772669 653992;
471, -473623 -246921 -344139 -598092 -1133045 -310268 -751519 664748;
472, -473623 -246921 -344139 -598092 -1133045 -310268 -751519 664748;
473, -472020 -249197 -346724 -616243 -1183153 -276448 -737557 662472;
474, -472020 -249197 -346724 -616243 -1183153 -276448 -737557 662472;
475, -478381 -243818 -360376 -641116 -1212422 -234718 -703014 664127;
476, -478381 -243818 -360376 -641116 -1212422 -234718 -703014 664127;
477, -478381 -243818 -360376 -641116 -1212422 -234718 -703014 664127;
478, -480346 -245163 -358928 -615208 -1196650 -143706 -726388 660300;
479, -480346 -245163 -358928 -615208 -1196650 -143706 -726388 660300;
480, -480242 -246197 -353498 -567738 -1200166 -88995 -710926 653268;
481, -480242 -246197 -353498 -567738 -1200166 -88995 -710926 653268;
482, -474089 -250386 -395591 -480397 -1203372 -19030 -686053 651148;
483, -474089 -250386 -395591 -480397 -1203372 -19030 -686053 651148;
484, -471348 -255919 -449991 -438098 -1188841 6360 -679175 653785;
485, -471348 -255919 -449991 -438098 -1188841 6360 -679175 653785;
486, -473675 -256333 -494618 -456817 -1155229 28803 -672143 654664;
487, -473675 -256333 -494618 -456817 -1155229 28803 -672143 654664;
488, -473675 -256333 -494618 -456817 -1155229 28803 -672143 654664;
489, -477140 -255299 -521042 -514889 -1111016 51453 -676486 656681;
490, -477140 -255299 -521042 -514889 -1111016 51453 -676486 656681;
491, -477191 -254626 -507391 -546536 -1084850 63812 -673487 659111;
492, -477191 -254626 -507391 -546536 -1084850 63812 -673487 659111;
493, -477967 -251161 -514889 -581389 -1070733 64846 -663920 660818;
494, -477967 -251161 -514889 -581389 -1070733 64846 -663920 660818;
495, -477967 -251161 -514889 -581389 -1070733 64846 -663920 660818;
496, -477295 -249817 -510700 -598092 -1047721 47729 -622293 677003;
497, -477295 -249817 -510700 -598092 -1047721 47729 -622293 677003;
498, -477760 -249403 -514217 -666661 -1045705 32578 -585992 716149;
499, -477760 -249403 -514217 -666661 -1045705 32578 -585992 716149;
500, -477812 -238751 -526369 -709789 -1039654 -6309 -556051 767136;
501, -477812 -238751 -526369 -709789 -1039654 -6309 -556051 767136;
502, -478225 -244439 -498393 -756639 -1011369 -62364 -559154 792009;
503, -478225 -244439 -498393 -756639 -1011369 -62364 -559154 792009;
504, -478225 -244439 -498393 -756639 -1011369 -62364 -559154 792009;
505, -482001 -239113 -504236 -740039 -960743 -94528 -564790 801421;
506, -482001 -239113 -504236 -740039 -960743 -94528 -564790 801421;
507, -488620 -224427 -523215 -709065 -895070 -115420 -564532 807212;
508, -488620 -224427 -523215 -709065 -895070 -115420 -564532 807212;
509, -496273 -208862 -553155 -654716 -822157 -121211 -563084 814607;
510, -496273 -208862 -553155 -654716 -822157 -121211 -563084 814607;
511, -497152 -240716 -589301 -579011 -759121 -125348 -568203 818951;
512, -497152 -240716 -589301 -579011 -759121 -125348 -568203 818951;
513, -497152 -240716 -589301 -579011 -759121 -125348 -568203 818951;
514, -498548 -287670 -616346 -528592 -702756 -111852 -571978 820243;
515, -498548 -287670 -616346 -528592 -702756 -111852 -571978 820243;
516, -499893 -306854 -602643 -500461 -656267 -109525 -580924 821123;
517, -499893 -306854 -602643 -500461 -656267 -109525 -580924 821123;
518, -495808 -293875 -583768 -477708 -617536 -100940 -585165 822105;
519, -495808 -293875 -583768 -477708 -617536 -100940 -585165 822105;
520, -492756 -273708 -558843 -434685 -570220 -85479 -596644 821795;
521, -492756 -273708 -558843 -434685 -570220 -85479 -596644 821795;
522, -492756 -273708 -558843 -434685 -570220 -85479 -596644 821795;
523, -491050 -256591 -537849 -388817 -519026 -34492 -620328 819313;
524, -491050 -256591 -537849 -388817 -519026 -34492 -620328 819313;
525, -476105 -231046 -493015 -342122 -481535 -1603 -665679 791026;
526, -476105 -231046 -493015 -342122 -481535 -1603 -665679 791026;
527, -469848 -222100 -495652 -304993 -407640 100475 -764189 727835;
528, -469848 -222100 -495652 -304993 -407640 100475 -764189 727835;
529, -454801 -232287 -482621 -249248 -354015 131501 -828104 669143;
530, -454801 -232287 -482621 -249248 -354015 131501 -828104 669143;
531, -454801 -232287 -482621 -249248 -354015 131501 -828104 669143;
532, -452835 -250748 -479880 -206069 -303700 116557 -854063 651716;
533, -452835 -250748 -479880 -206069 -303700 116557 -854063 651716;
534, -451905 -251782 -459403 -173285 -266054 92098 -950194 544571;
535, -451905 -251782 -459403 -173285 -266054 92098 -950194 544571;
536, -450612 -258142 -449267 -152186 -227633 60347 -1053099 399004;
537, -450612 -258142 -449267 -152186 -227633 60347 -1053099 399004;
538, -452111 -255092 -420051 -131967 -212120 72861 -1137957 276241;
539, -452111 -255092 -420051 -131967 -212120 72861 -1137957 276241;
540, -452111 -255092 -420051 -131967 -212120 72861 -1137957 276241;
541, -449836 -245835 -395591 -107870 -182903 91839 -1173173 227322;
542, -449836 -245835 -395591 -107870 -182903 91839 -1173173 227322;
543, -448337 -261556 -390989 -86254 -162632 123228 -1193340 183161;
544, -448337 -261556 -390989 -86254 -162632 123228 -1193340 183161;
545, -454077 -289428 -397763 -46437 -99182 127054 -1195926 138431;
546, -454077 -289428 -397763 -46437 -99182 127054 -1195926 138431;
547, -448492 -313060 -381784 16134 2741 81703 -1178292 111955;
548, -448492 -313060 -381784 16134 2741 81703 -1178292 111955;
549, -448492 -313060 -381784 16134 2741 81703 -1178292 111955;
550, -445596 -262797 -280792 68724 50418 40903 -1166554 60709;
551, -445596 -262797 -280792 68724 50418 40903 -1166554 60709;
552, -457127 -254885 -257367 102129 81548 84548 -1156315 -118005;
553, -457127 -254885 -257367 102129 81548 84548 -1156315 -118005;
554, -462505 -251006 -248318 135897 124055 90339 -1164072 -202294;
555, -462505 -251006 -248318 135897 124055 90339 -1164072 -202294;
556, -461264 -256023 -235545 162632 164338 103888 -1177982 -291289;
557, -461264 -256023 -235545 162632 164338 103888 -1177982 -291289;
558, -461264 -256023 -235545 162632 164338 103888 -1177982 -291289;
559, -463178 -259539 -215067 203639 214343 118884 -1192616 -304838;
560, -463178 -259539 -215067 203639 214343 118884 -1192616 -304838;
561, -459713 -261452 -194848 263158 258091 136362 -1196702 -306492;
562, -459713 -261452 -194848 263158 258091 136362 -1196702 -306492;
563, -469848 -263004 -176956 339277 303648 170388 -1144473 -297702;
564, -469848 -263004 -176956 339277 303648 170388 -1144473 -297702;
565, -474761 -265486 -166355 397297 340415 229443 -1114843 -295116;
566, -474761 -265486 -166355 397297 340415 229443 -1114843 -295116;
567, -474761 -265486 -166355 397297 340415 229443 -1114843 -295116;
568, -480139 -267244 -139931 429669 359083 288755 -1102535 -302614;
569, -480139 -267244 -139931 429669 359083 288755 -1102535 -302614;
570, -489447 -262590 -88375 460230 376147 332969 -1088935 -322368;
571, -489447 -262590 -88375 460230 376147 332969 -1088935 -322368;
572, -488309 -261763 -35216 488567 403658 366064 -1077559 -345690;
573, -488309 -261763 -35216 488567 403658 366064 -1077559 -345690;
574, -490585 -262486 18874 524662 423153 410328 -1068302 -363323;
575, -490585 -262486 18874 524662 423153 410328 -1068302 -363323;
576, -490585 -262486 18874 524662 423153 410328 -1068302 -363323;
577, -489033 -266882 47419 569651 456817 423773 -1067837 -373407;
578, -489033 -266882 47419 569651 456817 423773 -1067837 -373407;
579, -492705 -266830 92305 627412 520525 422170 -1110964 -368391;
580, -492705 -266830 92305 627412 520525 422170 -1110964 -368391;
581, -489757 -254833 161804 643132 536245 421240 -1133200 -357221;
582, -489757 -254833 161804 643132 536245 421240 -1133200 -357221;
583, -489757 -254833 161804 643132 536245 421240 -1133200 -357221;
584, -483914 -252247 209224 650010 524145 469486 -1113084 -348430;
585, -483914 -252247 209224 650010 524145 469486 -1113084 -348430;
586, -482259 -189056 299046 704152 613554 414879 -1131493 -345948;
587, -482259 -189056 299046 704152 613554 414879 -1131493 -345948;
588, -500823 -74154 370976 711184 572547 432512 -1142094 -350809;
589, -500823 -74154 370976 711184 572547 432512 -1142094 -350809;
590, -507442 -38732 389385 725302 597937 431168 -1160400 -350913;
591, -507442 -38732 389385 725302 597937 431168 -1160400 -350913;
592, -507442 -38732 389385 725302 597937 431168 -1160400 -350913;
593, -504805 90856 450560 737454 589404 438408 -1182326 -341087;
594, -504805 90856 450560 737454 589404 438408 -1182326 -341087;
595, -455111 273242 519181 791337 595300 392953 -1168157 -334779;
596, -455111 273242 519181 791337 595300 392953 -1168157 -334779;
597, -365754 390368 543226 804523 576476 391402 -1165933 -335037;
598, -365754 390368 543226 804523 576476 391402 -1165933 -335037;
599, -300339 471244 572185 837722 578080 370355 -1171828 -341346;
600, -300339 471244 572185 837722 578080 370355 -1171828 -341346;
601, -300339 471244 572185 837722 578080 370355 -1171828 -341346;
602, -113610 571667 551448 819468 563600 375113 -1210146 -347137;
603, -113610 571667 551448 819468 563600 375113 -1210146 -347137;
604, 22701 593490 532160 804161 536555 413276 -1206785 -377492;
605, 22701 593490 532160 804161 536555 413276 -1206785 -377492;
606, 42817 574150 505426 772255 508063 362806 -1194943 -377078;
607, 42817 574150 505426 772255 508063 362806 -1194943 -377078;
608, -70483 545915 488567 757983 431582 281464 -1134079 -383232;
609, -70483 545915 488567 757983 431582 281464 -1134079 -383232;
610, -70483 545915 488567 757983 431582 281464 -1134079 -383232;
611, -135277 498341 443113 683829 274017 147791 -1101501 -382611;
612, -135277 498341 443113 683829 274017 147791 -1101501 -382611;
613, -155185 432926 375785 593697 198002 132898 -1091676 -384680;
614, -155185 432926 375785 593697 198002 132898 -1091676 -384680;
615, -169147 386955 333072 528178 168785 126796 -1101191 -386180;
616, -169147 386955 333072 528178 168785 126796 -1101191 -386180;
617, -172716 370873 316731 501340 158960 129640 -1114222 -390420;
618, -172716 370873 316731 501340 158960 129640 -1114222 -390420;
619, -172716 370873 316731 501340 158960 129640 -1114222 -390420;
620, -205294 367357 314094 499892 149807 118419 -1138785 -400814;
621, -205294 367357 314094 499892 149807 118419 -1138785 -400814;
622, -271691 369580 340208 533401 76015 672 -1235847 -384008;
623, -271691 369580 340208 533401 76015 672 -1235847 -384008;
624, -267192 399314 370459 535366 -7447 -87651 -1327014 -294392;
625, -267192 399314 370459 535366 -7447 -87651 -1327014 -294392;
626, -287515 392436 367357 504650 -71879 -149394 -1404374 -268020;
627, -287515 392436 367357 504650 -71879 -149394 -1404374 -268020;
628, -287515 392436 367357 504650 -71879 -149394 -1404374 -268020;
629, -287773 376871 335864 454697 -110817 -246042 -1500091 -254730;
630, -287773 376871 335864 454697 -110817 -246042 -1500091 -254730;
631, -274587 375010 319524 390058 -213464 -340829 -1533445 -251317;
632, -274587 375010 319524 390058 -213464 -340829 -1533445 -251317;
633, -270915 365598 281619 304062 -321230 -425687 -1500401 -178094;
634, -270915 365598 281619 304062 -321230 -425687 -1500401 -178094;
635, -240457 351584 257263 195055 -515613 -555637 -1260875 -129330;
636, -240457 351584 257263 195055 -515613 -555637 -1260875 -129330;
637, -240457 351584 257263 195055 -515613 -555637 -1260875 -129330;
638, -126227 367925 241181 88322 -665162 -576736 -1159211 -94477;
639, -126227 367925 241181 88322 -665162 -576736 -1159211 -94477;
640, -89099 372993 208603 41524 -719614 -576218 -1108068 146653;
641, -89099 372993 208603 41524 -719614 -576218 -1108068 146653;
642, -43903 381370 203328 -1138 -768481 -555224 -1042188 297288;
643, -43903 381370 203328 -1138 -768481 -555224 -1042188 297288;
644, -35061 393729 192365 -27821 -806695 -546588 -1013850 329607;
645, -35061 393729 192365 -27821 -806695 -546588 -1013850 329607;
646, -35061 393729 192365 -27821 -806695 -546588 -1013850 329607;
647, -18513 394505 179334 -48919 -831051 -533970 -955469 444303;
648, -18513 394505 179334 -48919 -831051 -533970 -955469 444303;
649, -6102 405881 169251 -77050 -846772 -523473 -844548 636203;
650, -6102 405881 169251 -77050 -846772 -523473 -844548 636203;
651, 9825 411880 155134 -124262 -888192 -572082 -721062 856751;
652, 9825 411880 155134 -124262 -888192 -572082 -721062 856751;
653, 15100 424652 119867 -174370 -915858 -624000 -611434 1048652;
654, 15100 424652 119867 -174370 -915858 -624000 -611434 1048652;
655, 15100 424652 119867 -174370 -915858 -624000 -611434 1048652;
656, 13393 430806 68259 -232856 -955365 -648200 -553724 1127460;
657, 13393 430806 68259 -232856 -955365 -648200 -553724 1127460;
658, 14479 434943 14686 -282706 -972068 -658336 -528230 1170484;
659, 14479 434943 14686 -282706 -972068 -658336 -528230 1170484;
660, 9722 429513 -39094 -321023 -984996 -662162 -513958 1199080;
661, 9722 429513 -39094 -321023 -984996 -662162 -513958 1199080;
662, 4861 407950 -96752 -344087 -996527 -657663 -508787 1199752;
663, 4861 407950 -96752 -344087 -996527 -657663 -508787 1199752;
664, 4861 407950 -96752 -344087 -996527 -657663 -508787 1199752;
665, 207 382715 -157099 -355980 -1010593 -655026 -501547 1220023;
666, 207 382715 -157099 -355980 -1010593 -655026 -501547 1220023;
667, -2017 342070 -207828 -348430 -1022693 -644994 -505684 1234192;
668, -2017 342070 -207828 -348430 -1022693 -644994 -505684 1234192;
669, -13187 286894 -242836 -348792 -1030036 -632015 -506408 1236467;
670, -13187 286894 -242836 -348792 -1030036 -632015 -506408 1236467;
671, -24201 243818 -255557 -344759 -1034690 -604970 -505270 1230830;
672, -24201 243818 -255557 -344759 -1034690 -604970 -505270 1230830;
673, -24201 243818 -255557 -344759 -1034690 -604970 -505270 1230830;
674, -36767 204414 -254988 -322523 -1018918 -554189 -499686 1226021;
675, -36767 204414 -254988 -322523 -1018918 -554189 -499686 1226021;
676, -52073 173905 -252196 -301063 -987529 -516957 -495963 1225970;
677, -52073 173905 -252196 -301063 -987529 -516957 -495963 1225970;
678, -57348 162735 -245784 -282861 -958674 -493274 -496583 1225659;
679, -57348 162735 -245784 -282861 -958674 -493274 -496583 1225659;
680, -60554 150686 -244025 -265279 -933802 -473416 -494566 1224625;
681, -60554 150686 -244025 -265279 -933802 -473416 -494566 1224625;
682, -60554 150686 -244025 -265279 -933802 -473416 -494566 1224625;
683, -70276 132587 -240975 -246818 -902103 -439701 -493946 1222143;
684, -70276 132587 -240975 -246818 -902103 -439701 -493946 1222143;
685, -80670 112782 -240819 -227064 -861613 -404382 -486189 1220695;
686, -80670 112782 -240819 -227064 -861613 -404382 -486189 1220695;
687, -94994 77774 -246042 -211189 -829603 -386283 -485465 1220230;
688, -94994 77774 -246042 -211189 -829603 -386283 -485465 1220230;
689, -94994 77774 -246042 -211189 -829603 -386283 -485465 1220230;
690, -108335 50367 -251317 -195779 -798887 -362754 -482156 1217851;
691, -108335 50367 -251317 -195779 -798887 -362754 -482156 1217851;
692, -129227 25028 -252609 -175766 -760827 -332193 -480811 1216506;
693, -129227 25028 -252609 -175766 -760827 -332193 -480811 1216506;
694, -148049 -10549 -260470 -156168 -713046 -291393 -477863 1215007;
695, -148049 -10549 -260470 -156168 -713046 -291393 -477863 1215007;
696, -169768 -50367 -272777 -146705 -666661 -253902 -452784 1231813;
697, -169768 -50367 -272777 -146705 -666661 -253902 -452784 1231813;
698, -191021 -82893 -284619 -140086 -613140 -207517 -438615 1245154;
699, -191021 -82893 -284619 -140086 -613140 -207517 -438615 1245154;
700, -191021 -82893 -284619 -140086 -613140 -207517 -438615 1245154;
701, -222565 -127106 -297960 -136776 -546433 -165890 -433134 1255290;
702, -222565 -127106 -297960 -136776 -546433 -165890 -433134 1255290;
703, -250955 -163718 -298632 -174991 -483810 -118626 -410898 1285386;
704, -250955 -163718 -298632 -174991 -483810 -118626 -410898 1285386;
705, -277689 -180162 -305458 -172819 -444768 -92201 -405054 1292574;
706, -277689 -180162 -305458 -172819 -444768 -92201 -405054 1292574;
707, -277689 -180162 -305458 -172819 -444768 -92201 -405054 1292574;
708, -294806 -201260 -309078 -184144 -400607 -66035 -403968 1299761;
709, -294806 -201260 -309078 -184144 -400607 -66035 -403968 1299761;
710, -301787 -212482 -316163 -192056 -390058 -53728 -404072 1318377;
711, -301787 -212482 -316163 -192056 -390058 -53728 -404072 1318377;
712, -305717 -213516 -314353 -193659 -382818 -41266 -398746 1342940;
713, -305717 -213516 -314353 -193659 -382818 -41266 -398746 1342940;
714, -298322 -180628 -332555 -219463 -410380 -54038 -375010 1373140;
715, -298322 -180628 -332555 -219463 -410380 -54038 -375010 1373140;
716, -298322 -180628 -332555 -219463 -410380 -54038 -375010 1373140;
717, -245266 -2379 -364823 -316008 -497307 -117902 -375320 1391549;
718, -245266 -2379 -364823 -316008 -497307 -117902 -375320 1391549;
719, -201157 73688 -291651 -357015 -586044 -186109 -365288 1401219;
720, -201157 73688 -291651 -357015 -586044 -186109 -365288 1401219;
721, -173957 98562 -281309 -386697 -639099 -228305 -358566 1408769;
722, -173957 98562 -281309 -386697 -639099 -228305 -358566 1408769;
723, -155134 145670 -267968 -417258 -694430 -258504 -385766 1384206;
724, -155134 145670 -267968 -417258 -694430 -258504 -385766 1384206;
725, -155134 145670 -267968 -417258 -694430 -258504 -385766 1384206;
726, -120746 252713 -209844 -453715 -786166 -302046 -383387 1338545;
727, -120746 252713 -209844 -453715 -786166 -302046 -383387 1338545;
728, -94942 327073 -161908 -470779 -857579 -314973 -424653 1237708;
729, -94942 327073 -161908 -470779 -857579 -314973 -424653 1237708;
730, -95511 353136 -147739 -470003 -901947 -320248 -458110 1151299;
731, -95511 353136 -147739 -470003 -901947 -320248 -458110 1151299;
732, -121056 368029 -182644 -495446 -905205 -382973 -436546 1177568;
733, -121056 368029 -182644 -495446 -905205 -382973 -436546 1177568;
734, -121056 368029 -182644 -495446 -905205 -382973 -436546 1177568;
735, -130778 296977 -224737 -527610 -944092 -410432 -400349 1241535;
736, -130778 296977 -224737 -527610 -944092 -410432 -400349 1241535;
737, -94528 193452 -379819 -572133 -913582 -387472 -404434 1252187;
738, -94528 193452 -379819 -572133 -913582 -387472 -404434 1252187;
739, -64794 119401 -455731 -709323 -1045188 -362030 -408622 1229227;
740, -64794 119401 -455731 -709323 -1045188 -362030 -408622 1229227;
741, -66087 9515 -541106 -918236 -1075645 -298477 -423774 1206630;
742, -66087 9515 -541106 -918236 -1075645 -298477 -423774 1206630;
743, -66087 9515 -541106 -918236 -1075645 -298477 -423774 1206630;
744, -47937 -61537 -626223 -909756 -1087022 -268071 -426618 1204665;
745, -47937 -61537 -626223 -909756 -1087022 -268071 -426618 1204665;
746, -29682 -74981 -739522 -949677 -1054289 -263314 -434788 1208698;
747, -29682 -74981 -739522 -949677 -1054289 -263314 -434788 1208698;
748, -17737 -111024 -868387 -1026882 -1039086 -252661 -440166 1212680;
749, -17737 -111024 -868387 -1026882 -1039086 -252661 -440166 1212680;
750, -2637 -118781 -939024 -1058684 -1022900 -251058 -439132 1212732;
751, -2637 -118781 -939024 -1058684 -1022900 -251058 -439132 1212732;
752, -2637 -118781 -939024 -1058684 -1022900 -251058 -439132 1212732;
753, -7292 -178921 -972223 -1084902 -1022848 -226444 -438356 1212783;
754, -7292 -178921 -972223 -1084902 -1022848 -226444 -438356 1212783;
755, -15565 -236476 -1036035 -1090590 -1008162 -224013 -438201 1215162;
756, -15565 -236476 -1036035 -1090590 -1008162 -224013 -438201 1215162;
757, -13342 -259435 -1099381 -1089659 -992183 -211809 -437322 1215782;
758, -13342 -259435 -1099381 -1089659 -992183 -211809 -437322 1215782;
759, -23322 -326918 -1151092 -1090642 -974964 -207466 -432720 1216196;
760, -23322 -326918 -1151092 -1090642 -974964 -207466 -432720 1216196;
761, -23322 -326918 -1151092 -1090642 -974964 -207466 -432720 1216196;
762, -40076 -390265 -1199028 -1091107 -968034 -206587 -431789 1217127;
763, -40076 -390265 -1199028 -1091107 -968034 -206587 -431789 1217127;
764, -47678 -442493 -1232124 -1092193 -961881 -205345 -432978 1217644;
765, -47678 -442493 -1232124 -1092193 -961881 -205345 -432978 1217644;
766, -57710 -490740 -1246396 -1093176 -950246 -198520 -432565 1216558;
767, -57710 -490740 -1246396 -1093176 -950246 -198520 -432565 1216558;
768, -73844 -526782 -1263719 -1087332 -936335 -197485 -432047 1214490;
769, -73844 -526782 -1263719 -1087332 -936335 -197485 -432047 1214490;
770, -73844 -526782 -1263719 -1087332 -936335 -197485 -432047 1214490;
771, -99958 -545864 -1274630 -1079524 -928062 -197020 -430444 1209629;
772, -99958 -545864 -1274630 -1079524 -928062 -197020 -430444 1209629;
773, -143706 -536297 -1245775 -1090590 -928475 -180938 -415707 1201820;
774, -143706 -536297 -1245775 -1090590 -928475 -180938 -415707 1201820;
775, -205087 -489085 -1171466 -1094985 -928320 -178818 -407536 1199545;
776, -205087 -489085 -1171466 -1094985 -928320 -178818 -407536 1199545;
777, -259849 -465091 -1131287 -1093796 -924545 -177887 -406916 1194839;
778, -259849 -465091 -1131287 -1093796 -924545 -177887 -406916 1194839;
779, -259849 -465091 -1131287 -1093796 -924545 -177887 -406916 1194839;
780, -329401 -452318 -1109930 -1086505 -914927 -185747 -405054 1193909;
781, -329401 -452318 -1109930 -1086505 -914927 -185747 -405054 1193909;
782, -364461 -444251 -1098191 -1077455 -907377 -189522 -401589 1191065;
783, -364461 -444251 -1098191 -1077455 -907377 -189522 -401589 1191065;
784, -470314 -409501 -1041774 -1066079 -900603 -192831 -402986 1192668;
785, -470314 -409501 -1041774 -1066079 -900603 -192831 -402986 1192668;
786, -513027 -399263 -1012609 -1063493 -901068 -198468 -400400 1188479;
787, -513027 -399263 -1012609 -1063493 -901068 -198468 -400400 1188479;
788, -513027 -399263 -1012609 -1063493 -901068 -198468 -400400 1188479;
789, -550156 -397608 -1009248 -1045446 -902620 -204880 -397453 1191220;
790, -550156 -397608 -1009248 -1045446 -902620 -204880 -397453 1191220;
791, -585113 -408105 -1011420 -1018453 -904895 -219411 -390575 1192461;
792, -585113 -408105 -1011420 -1018453 -904895 -219411 -390575 1192461;
793, -614329 -404899 -1045860 -980238 -904223 -200692 -358824 1222298;
794, -614329 -404899 -1045860 -980238 -904223 -200692 -358824 1222298;
795, -614329 -404899 -1045860 -980238 -904223 -200692 -358824 1222298;
796, -706479 -480035 -1182843 -893415 -866474 -193400 -345793 1230624;
797, -706479 -480035 -1182843 -893415 -866474 -193400 -345793 1230624;
798, -725353 -667127 -1116497 -779547 -800231 -174991 -348896 1230624;
799, -725353 -667127 -1116497 -779547 -800231 -174991 -348896 1230624;
800, -733162 -774427 -1015764 -644425 -707203 -155134 -362186 1232072;
801, -733162 -774427 -1015764 -644425 -707203 -155134 -362186 1232072;
802, -720648 -901741 -851788 -476467 -590180 -135432 -386283 1229641;
803, -720648 -901741 -851788 -476467 -590180 -135432 -386283 1229641;
804, -720648 -901741 -851788 -476467 -590180 -135432 -386283 1229641;
805, -713925 -957227 -692569 -342070 -510338 -108387 -431427 1220747;
806, -713925 -957227 -692569 -342070 -510338 -108387 -431427 1220747;
807, -737195 -980135 -660198 -276655 -441252 -64949 -452215 1211025;
808, -737195 -980135 -660198 -276655 -441252 -64949 -452215 1211025;
809, -722096 -1069078 -643133 -224065 -336123 35008 -457955 1183411;
810, -722096 -1069078 -643133 -224065 -336123 35008 -457955 1183411;
811, -707668 -1030243 -647011 -158547 -242112 128864 -457334 1153419;
812, -707668 -1030243 -647011 -158547 -242112 128864 -457334 1153419;
813, -707668 -1030243 -647011 -158547 -242112 128864 -457334 1153419;
814, -686105 -1019435 -635893 -86772 -171061 165631 -508942 1101294;
815, -686105 -1019435 -635893 -86772 -171061 165631 -508942 1101294;
816, -690862 -985151 -579218 -7860 -110300 160718 -524972 1089142;
817, -690862 -985151 -579218 -7860 -110300 160718 -524972 1089142;
818, -686570 -974964 -543589 48970 -56107 168889 -567014 1019435;
819, -686570 -974964 -543589 48970 -56107 168889 -567014 1019435;
820, -694068 -956968 -517681 81600 -22288 178300 -636979 968706;
821, -694068 -956968 -517681 81600 -22288 178300 -636979 968706;
822, -694068 -956968 -517681 81600 -22288 178300 -636979 968706;
823, -702601 -936646 -502892 126382 67638 220962 -673798 966379;
824, -702601 -936646 -502892 126382 67638 220962 -673798 966379;
825, -706479 -813366 -441924 208396 130777 232752 -687708 954641;
826, -706479 -813366 -441924 208396 130777 232752 -687708 954641;
827, -709271 -823191 -373459 245887 163356 236889 -694637 952211;
828, -709271 -823191 -373459 245887 163356 236889 -694637 952211;
829, -718062 -819313 -335813 277586 214343 244129 -693655 959864;
830, -718062 -819313 -335813 277586 214343 244129 -693655 959864;
831, -718062 -819313 -335813 277586 214343 244129 -693655 959864;
832, -721113 -817968 -280999 309233 239268 245887 -694637 959553;
833, -721113 -817968 -280999 309233 239268 245887 -694637 959553;
834, -721889 -821123 -246663 323195 247955 247231 -698670 960898;
835, -721889 -821123 -246663 323195 247955 247231 -698670 960898;
836, -725922 -791234 -203122 352412 271070 248679 -701773 959553;
837, -725922 -791234 -203122 352412 271070 248679 -701773 959553;
838, -725664 -752140 -167441 376871 294909 250489 -701722 961260;
839, -725664 -752140 -167441 376871 294909 250489 -701722 961260;
840, -725664 -752140 -167441 376871 294909 250489 -701722 961260;
841, -726439 -743298 -120694 388610 292892 252195 -708703 957175;
842, -726439 -743298 -120694 388610 292892 252195 -708703 957175;
843, -731817 -721217 -98613 415810 329142 253747 -700480 967465;
844, -731817 -721217 -98613 415810 329142 253747 -700480 967465;
845, -722768 -611744 -70638 447871 349774 245680 -697326 968965;
846, -722768 -611744 -70638 447871 349774 245680 -697326 968965;
847, -685743 -479984 -29941 470727 374338 237665 -707875 928320;
848, -685743 -479984 -29941 470727 374338 237665 -707875 928320;
849, -685743 -479984 -29941 470727 374338 237665 -707875 928320;
850, -597885 -357739 -15100 500719 366374 158960 -709168 909807;
851, -597885 -357739 -15100 500719 366374 158960 -709168 909807;
852, -508787 -257987 8325 526317 329762 86823 -705496 920098;
853, -508787 -257987 8325 526317 329762 86823 -705496 920098;
854, -470676 -189832 56934 588319 200226 -66035 -691845 930492;
855, -470676 -189832 56934 588319 200226 -66035 -691845 930492;
856, -348120 82014 237303 526886 -89823 -136570 -701515 878729;
857, -348120 82014 237303 526886 -89823 -136570 -701515 878729;
858, -348120 82014 237303 526886 -89823 -136570 -701515 878729;
859, -401383 88788 247335 499013 -97838 -131243 -689311 861354;
860, -401383 88788 247335 499013 -97838 -131243 -689311 861354;
861, -443734 94993 230839 440786 -129071 -131399 -692672 833533;
862, -443734 94993 230839 440786 -129071 -131399 -692672 833533;
863, -474761 109886 187608 332969 -213878 -152031 -685950 834567;
864, -474761 109886 187608 332969 -213878 -152031 -685950 834567;
865, -467108 116712 87392 235855 -258918 -143551 -684295 837773;
866, -467108 116712 87392 235855 -258918 -143551 -684295 837773;
867, -467108 116712 87392 235855 -258918 -143551 -684295 837773;
868, -436184 56520 -7343 144481 -284567 -103992 -683157 845737;
869, -436184 56520 -7343 144481 -284567 -103992 -683157 845737;
870, -411932 -2172 -130933 23942 -304941 -40749 -665782 851011;
871, -411932 -2172 -130933 23942 -304941 -40749 -665782 851011;
872, -418034 16496 -199657 -16754 -303338 -12256 -655337 857475;
873, -418034 16496 -199657 -16754 -303338 -12256 -655337 857475;
874, -408622 -33406 -230632 -32682 -306648 5791 -634911 865077;
875, -408622 -33406 -230632 -32682 -306648 5791 -634911 865077;
876, -408622 -33406 -230632 -32682 -306648 5791 -634911 865077;
877, -406502 -60709 -252920 -51246 -314042 14893 -621517 871541;
878, -406502 -60709 -252920 -51246 -314042 14893 -621517 871541;
879, -367150 -82169 -280637 -87961 -342639 -4292 -615002 875781;
880, -367150 -82169 -280637 -87961 -342639 -4292 -615002 875781;
881, -361824 -98975 -306027 -119763 -369580 -28855 -611641 873868;
882, -361824 -98975 -306027 -119763 -369580 -28855 -611641 873868;
883, -391816 -113248 -330073 -151462 -399573 -60140 -606883 849047;
884, -391816 -113248 -330073 -151462 -399573 -60140 -606883 849047;
885, -391816 -113248 -330073 -151462 -399573 -60140 -606883 849047;
886, -403813 -134966 -293978 -133725 -505219 -142568 -581545 1002887;
887, -403813 -134966 -293978 -133725 -505219 -142568 -581545 1002887;
888, -418137 -127520 -143964 -106370 -634859 -182489 -545347 1113756;
889, -418137 -127520 -143964 -106370 -634859 -182489 -545347 1113756;
890, -419068 -168320 -223961 -90185 -520422 -163252 -519698 1135475;
891, -419068 -168320 -223961 -90185 -520422 -163252 -519698 1135475;
892, -410380 -158081 -168217 -35164 -653837 -227064 -498445 1171932;
893, -410380 -158081 -168217 -35164 -653837 -227064 -498445 1171932;
894, -410380 -158081 -168217 -35164 -653837 -227064 -498445 1171932;
895, -447820 -150480 -51660 71930 -677727 -304941 -518870 1167743;
896, -447820 -150480 -51660 71930 -677727 -304941 -518870 1167743;
897, -456558 -155496 3516 125089 -656112 -322937 -525903 1164278;
898, -456558 -155496 3516 125089 -656112 -322937 -525903 1164278;
899, -452370 -226495 -83876 102853 -535780 -223186 -536763 1131907;
900, -452370 -226495 -83876 102853 -535780 -223186 -536763 1131907;
901, -452370 -226495 -83876 102853 -535780 -223186 -536763 1131907;
902, -428531 -257574 -248886 26528 -477036 -188177 -540951 1112153;
903, -428531 -257574 -248886 26528 -477036 -188177 -540951 1112153;
904, -425532 -249300 -317094 -57141 -439080 -136466 -551500 983599;
905, -425532 -249300 -317094 -57141 -439080 -136466 -551500 983599;
906, -432409 -231718 -350706 -111852 -415603 -90185 -589767 939903;
907, -432409 -231718 -350706 -111852 -415603 -90185 -589767 939903;
908, -452629 -226754 -376820 -104405 -420309 -94373 -575908 951952;
909, -452629 -226754 -376820 -104405 -420309 -94373 -575908 951952;
910, -452629 -226754 -376820 -104405 -420309 -94373 -575908 951952;
911, -455990 -228357 -388610 -117333 -446113 -112627 -533401 962346;
912, -455990 -228357 -388610 -117333 -446113 -112627 -533401 962346;
913, -455524 -222152 -392023 -129744 -500358 -126486 -426049 1017987;
914, -455524 -222152 -392023 -129744 -500358 -126486 -426049 1017987;
915, -443114 -222617 -386542 -230942 -641064 -178507 -339846 1045704;
916, -443114 -222617 -386542 -230942 -641064 -178507 -339846 1045704;
917, -443579 -215222 -330073 -392799 -666868 -231615 -475433 1015970;
918, -443579 -215222 -330073 -392799 -666868 -231615 -475433 1015970;
919, -443579 -215222 -330073 -392799 -666868 -231615 -475433 1015970;
920, -455835 -206328 -439184 -518250 -752192 -294754 -518560 979928;
921, -455835 -206328 -439184 -518250 -752192 -294754 -518560 979928;
922, -458834 -206276 -515975 -651303 -841393 -369011 -536039 977859;
923, -458834 -206276 -515975 -651303 -841393 -369011 -536039 977859;
924, -456920 -207983 -658646 -779909 -931267 -481639 -486293 1087539;
925, -456920 -207983 -658646 -779909 -931267 -481639 -486293 1087539;
926, -451749 -225409 -712581 -871748 -1032053 -419585 -321903 1195977;
927, -451749 -225409 -712581 -871748 -1032053 -419585 -321903 1195977;
928, -451749 -225409 -712581 -871748 -1032053 -419585 -321903 1195977;
929, -428169 -229391 -531178 -893829 -983238 -86409 -331366 1165985;
930, -428169 -229391 -531178 -893829 -983238 -86409 -331366 1165985;
931, -435615 -221324 -507132 -573943 -581079 50160 -425273 1039861;
932, -435615 -221324 -507132 -573943 -581079 50160 -425273 1039861;
933, -439494 -230425 -604453 -396211 -243663 158857 -424860 1032932;
934, -439494 -230425 -604453 -396211 -243663 158857 -424860 1032932;
935, -430134 -234614 -448440 -95873 5429 426255 -107973 1350490;
936, -430134 -234614 -448440 -95873 5429 426255 -107973 1350490;
937, -430134 -234614 -448440 -95873 5429 426255 -107973 1350490;
938, -410794 -261090 -419585 -43955 224685 737764 192624 1632523;
939, -410794 -261090 -419585 -43955 224685 737764 192624 1632523;
940, -404330 -274121 -419482 -22236 285549 797542 192262 1635729;
941, -404330 -274121 -419482 -22236 285549 797542 192262 1635729;
942, -421240 -247852 -416327 8222 209689 706789 161753 1628697;
943, -421240 -247852 -416327 8222 209689 706789 161753 1628697;
944, -436805 -237199 -430237 -49281 -12101 521094 89253 1563334;
945, -436805 -237199 -430237 -49281 -12101 521094 89253 1563334;
946, -436805 -237199 -430237 -49281 -12101 521094 89253 1563334;
947, -445079 -227737 -405158 -222927 -447354 -167906 -777737 646287;
948, -445079 -227737 -405158 -222927 -447354 -167906 -777737 646287;
949, -446734 -227116 -399987 -206845 -401693 -39973 -643701 905774;
950, -446734 -227116 -399987 -206845 -401693 -39973 -643701 905774;
951, -437994 -231873 -396160 -162425 -279758 120487 -485310 995182;
952, -437994 -231873 -396160 -162425 -279758 120487 -485310 995182;
953, -439339 -233632 -390213 -166097 -288239 120280 -480242 995699;
954, -439339 -233632 -390213 -166097 -288239 120280 -480242 995699;
955, -439339 -233632 -390213 -166097 -288239 120280 -480242 995699;
956, -439339 -233632 -388455 -167183 -291031 120642 -477346 995958;
957, -439339 -233632 -388455 -167183 -291031 120642 -477346 995958;
958, -439235 -232649 -387783 -167441 -292582 120487 -475640 995699;
959, -439235 -232649 -387783 -167441 -292582 120487 -475640 995699;
960, -439184 -232028 -387059 -167906 -292944 120539 -473985 996113;
961, -439184 -232028 -387059 -167906 -292944 120539 -473985 996113;
962, -439132 -231563 -386748 -167855 -293720 121883 -472589 995441;
963, -439132 -231563 -386748 -167855 -293720 121883 -472589 995441;
964, -439132 -231563 -386748 -167855 -293720 121883 -472589 995441;
965, -438149 -229339 -387059 -168010 -294392 123176 -471917 997665;
966, -438149 -229339 -387059 -168010 -294392 123176 -471917 997665;
967, -426670 -241750 -393368 -166614 -298891 134553 -485206 1040585;
968, -426670 -241750 -393368 -166614 -298891 134553 -485206 1040585;
969, -423825 -217291 -360272 -134035 -298374 146394 -493687 1055891;
970, -423825 -217291 -360272 -134035 -298374 146394 -493687 1055891;
971, -425894 -205501 -353498 -134242 -298167 148515 -491826 1056047;
972, -425894 -205501 -353498 -134242 -298167 148515 -491826 1056047;
973, -425894 -205501 -353498 -134242 -298167 148515 -491826 1056047;
974, -425222 -202760 -351843 -134087 -297598 150790 -489861 1056305;
975, -425222 -202760 -351843 -134087 -297598 150790 -489861 1056305;
976, -424963 -199554 -350809 -134139 -297909 152393 -488878 1056512;
977, -424963 -199554 -350809 -134139 -297909 152393 -488878 1056512;
978, -425273 -199606 -350189 -133880 -298426 154099 -488309 1056253;
979, -425273 -199606 -350189 -133880 -298426 154099 -488309 1056253;
980, -425894 -198623 -348792 -133570 -298477 154823 -487741 1055891;
981, -425894 -198623 -348792 -133570 -298477 154823 -487741 1055891;
