0, -609365 -342122 -243715 79532 -111541 305148 -372269 1170949;
1, -609365 -342122 -243715 79532 -111541 305148 -372269 1170949;
2, -607814 -345690 -244025 79377 -111283 304993 -372942 1169397;
3, -607814 -345690 -244025 79377 -111283 304993 -372942 1169397;
4, -605746 -419223 -246973 78808 -109369 303234 -370304 1161124;
5, -605746 -419223 -246973 78808 -109369 303234 -370304 1161124;
6, -593904 -459299 -211447 79170 -108490 303338 -381060 1166812;
7, -593904 -459299 -211447 79170 -108490 303338 -381060 1166812;
8, -593904 -459299 -211447 79170 -108490 303338 -381060 1166812;
9, -539452 -385094 -216929 81186 -108439 302976 -380233 1165933;
10, -539452 -385094 -216929 81186 -108439 302976 -380233 1165933;
11, -577822 -377492 -227633 100423 -115782 294702 -371545 1165571;
12, -577822 -377492 -227633 100423 -115782 294702 -371545 1165571;
13, -629119 -423153 -182903 207000 48091 434891 -250799 1229176;
14, -629119 -423153 -182903 207000 48091 434891 -250799 1229176;
15, -653785 -370046 -224117 183626 30044 420929 -257936 1231451;
16, -653785 -370046 -224117 183626 30044 420929 -257936 1231451;
17, -653785 -370046 -224117 183626 30044 420929 -257936 1231451;
18, -647632 -404382 -325057 100371 -24304 409966 -279551 1238846;
19, -647632 -404382 -325057 100371 -24304 409966 -279551 1238846;
20, -536142 -489499 -432461 -59933 -147584 308302 -315956 1226694;
21, -536142 -489499 -432461 -59933 -147584 308302 -315956 1226694;
22, -538262 -549949 -564480 -117178 -168889 311767 -316990 1216713;
23, -538262 -549949 -564480 -117178 -168889 311767 -316990 1216713;
24, -532936 -579269 -580562 -77412 -131761 323143 -308406 1226694;
25, -532936 -579269 -580562 -77412 -131761 323143 -308406 1226694;
26, -532936 -579269 -580562 -77412 -131761 323143 -308406 1226694;
27, -540796 -625189 -636565 -42765 -141999 317093 -301477 1220023;
28, -540796 -625189 -636565 -42765 -141999 317093 -301477 1220023;
29, -541003 -677003 -730163 -74051 -135070 311870 -302511 1210146;
30, -541003 -677003 -730163 -74051 -135070 311870 -302511 1210146;
31, -553414 -710667 -822209 -117850 -151049 296305 -301735 1181550;
32, -553414 -710667 -822209 -117850 -151049 296305 -301735 1181550;
33, -559929 -741694 -911204 -106887 -206897 136000 -383542 1139095;
34, -559929 -741694 -911204 -106887 -206897 136000 -383542 1139095;
35, -559929 -741694 -911204 -106887 -206897 136000 -383542 1139095;
36, -559774 -759897 -978635 -66139 -261452 51504 -441356 1069802;
37, -559774 -759897 -978635 -66139 -261452 51504 -441356 1069802;
38, -566290 -793974 -1054495 -81135 -260056 -28183 -502375 1014574;
39, -566290 -793974 -1054495 -81135 -260056 -28183 -502375 1014574;
40, -592249 -862130 -1082161 -37232 -260677 -108283 -544571 961570;
41, -592249 -862130 -1082161 -37232 -260677 -108283 -544571 961570;
42, -601350 -921391 -1111688 16548 -257212 -368649 -750485 647218;
43, -601350 -921391 -1111688 16548 -257212 -368649 -750485 647218;
44, -601350 -921391 -1111688 16548 -257212 -368649 -750485 647218;
45, -614485 -938559 -1178137 -3310 -270450 -342018 -809591 580355;
46, -614485 -938559 -1178137 -3310 -270450 -342018 -809591 580355;
47, -617432 -973826 -1189514 -17530 -328263 -323506 -1089711 445906;
48, -617432 -973826 -1189514 -17530 -328263 -323506 -1089711 445906;
49, -640289 -982565 -1209578 -44058 -421860 -380233 -1359230 324436;
50, -640289 -982565 -1209578 -44058 -421860 -380233 -1359230 324436;
51, -656784 -959760 -1223229 11687 -588060 -643908 -1433177 261607;
52, -656784 -959760 -1223229 11687 -588060 -643908 -1433177 261607;
53, -656784 -959760 -1223229 11687 -588060 -643908 -1433177 261607;
54, -683312 -918495 -1248464 70172 -603005 -936542 -1560542 214136;
55, -683312 -918495 -1248464 70172 -603005 -936542 -1560542 214136;
56, -719510 -861664 -1266718 88116 -674935 -1123685 -1590896 208551;
57, -719510 -861664 -1266718 88116 -674935 -1123685 -1590896 208551;
58, -730525 -834878 -1414768 -153427 -611072 -1236778 -1593637 198933;
59, -730525 -834878 -1414768 -153427 -611072 -1236778 -1593637 198933;
60, -730525 -834878 -1414768 -153427 -611072 -1236778 -1593637 198933;
61, -700274 -760776 -1495023 -133053 -730214 -1446932 -1563592 180162;
62, -700274 -760776 -1495023 -133053 -730214 -1446932 -1563592 180162;
63, -715994 -674625 -1515915 -78084 -862647 -1525533 -1551854 161649;
64, -715994 -674625 -1515915 -78084 -862647 -1525533 -1551854 161649;
65, -575391 -602901 -1512657 -129589 -855097 -1581330 -1598911 195417;
66, -575391 -602901 -1512657 -129589 -855097 -1581330 -1598911 195417;
67, -461471 -532471 -1516484 -247283 -854321 -1650623 -1482923 356238;
68, -461471 -532471 -1516484 -247283 -854321 -1650623 -1482923 356238;
69, -461471 -532471 -1516484 -247283 -854321 -1650623 -1482923 356238;
70, -444717 -560757 -1538513 -286997 -1047721 -1670480 -1403650 615157;
71, -444717 -560757 -1538513 -286997 -1047721 -1670480 -1403650 615157;
72, -361306 -628653 -1521189 -326867 -1166140 -1690854 -1400909 713873;
73, -361306 -628653 -1521189 -326867 -1166140 -1690854 -1400909 713873;
74, -320920 -601350 -1545700 -327539 -1301830 -1719502 -1429661 735178;
75, -320920 -601350 -1545700 -327539 -1301830 -1719502 -1429661 735178;
76, -301063 -598351 -1568298 -312439 -1288437 -1741065 -1429505 749864;
77, -301063 -598351 -1568298 -312439 -1288437 -1741065 -1429505 749864;
78, -301063 -598351 -1568298 -312439 -1288437 -1741065 -1429505 749864;
79, -222720 -638272 -1587845 -279913 -1366521 -1750218 -1428316 754570;
80, -222720 -638272 -1587845 -279913 -1366521 -1750218 -1428316 754570;
81, -159167 -713357 -1621044 -176801 -1325255 -1751356 -1395531 755656;
82, -159167 -713357 -1621044 -176801 -1325255 -1751356 -1395531 755656;
83, -140138 -744435 -1636971 -140810 -1285490 -1757199 -1383172 757052;
84, -140138 -744435 -1636971 -140810 -1285490 -1757199 -1383172 757052;
85, -120280 -761189 -1662568 -173129 -1170484 -1737704 -1366676 761241;
86, -120280 -761189 -1662568 -173129 -1170484 -1737704 -1366676 761241;
87, -120280 -761189 -1662568 -173129 -1170484 -1737704 -1366676 761241;
88, -130519 -767498 -1687854 -270450 -1161538 -1714227 -1370606 763878;
89, -130519 -767498 -1687854 -270450 -1161538 -1714227 -1370606 763878;
90, -156995 -752140 -1712883 -323816 -1247999 -1712728 -1382448 742314;
91, -156995 -752140 -1712883 -323816 -1247999 -1712728 -1382448 742314;
92, -203742 -725095 -1739152 -426204 -1226280 -1738221 -1407631 731042;
93, -203742 -725095 -1739152 -426204 -1226280 -1738221 -1407631 731042;
94, -228822 -688070 -1761905 -489189 -1173069 -1730827 -1410527 729025;
95, -228822 -688070 -1761905 -489189 -1173069 -1730827 -1410527 729025;
96, -228822 -688070 -1761905 -489189 -1173069 -1730827 -1410527 729025;
97, -212171 -696499 -1766611 -523111 -1317188 -1742875 -1413785 740970;
98, -212171 -696499 -1766611 -523111 -1317188 -1742875 -1413785 740970;
99, -202243 -695671 -1771368 -438046 -1400702 -1749081 -1410579 743659;
100, -202243 -695671 -1771368 -438046 -1400702 -1749081 -1410579 743659;
101, -176129 -702239 -1772402 -429927 -1413733 -1763973 -1408976 747020;
102, -176129 -702239 -1772402 -429927 -1413733 -1763973 -1408976 747020;
103, -146136 -712167 -1777056 -468763 -1456137 -1760716 -1415078 760207;
104, -146136 -712167 -1777056 -468763 -1456137 -1760716 -1415078 760207;
105, -146136 -712167 -1777056 -468763 -1456137 -1760716 -1415078 760207;
106, -113506 -720441 -1780935 -453146 -1461928 -1755234 -1422318 769204;
107, -113506 -720441 -1780935 -453146 -1461928 -1755234 -1422318 769204;
108, -104871 -721734 -1782796 -430237 -1458102 -1744220 -1421128 771583;
109, -104871 -721734 -1782796 -430237 -1458102 -1744220 -1421128 771583;
110, -106422 -723957 -1782021 -428117 -1455671 -1727207 -1419887 770135;
111, -106422 -723957 -1782021 -428117 -1455671 -1727207 -1419887 770135;
112, -90392 -741022 -1785072 -438460 -1453447 -1709211 -1418646 766464;
113, -90392 -741022 -1785072 -438460 -1453447 -1709211 -1418646 766464;
114, -90392 -741022 -1785072 -438460 -1453447 -1709211 -1418646 766464;
115, -97011 -745572 -1783779 -422843 -1491714 -1653156 -1422990 765947;
116, -97011 -745572 -1783779 -422843 -1491714 -1653156 -1422990 765947;
117, -197640 -748468 -1778815 -417930 -1564110 -1506762 -1433435 764343;
118, -197640 -748468 -1778815 -417930 -1564110 -1506762 -1433435 764343;
119, -232184 -713512 -1774161 -401279 -1478631 -1481475 -1435090 756018;
120, -232184 -713512 -1774161 -401279 -1478631 -1481475 -1435090 756018;
121, -207724 -620432 -1765628 -356601 -1394083 -1533393 -1431470 752191;
122, -207724 -620432 -1765628 -356601 -1394083 -1533393 -1431470 752191;
123, -207724 -620432 -1765628 -356601 -1394083 -1533393 -1431470 752191;
124, -186781 -540796 -1752028 -328418 -1303175 -1530549 -1428264 747951;
125, -186781 -540796 -1752028 -328418 -1303175 -1530549 -1428264 747951;
126, -177370 -463281 -1734188 -350602 -1261444 -1535617 -1428419 749399;
127, -177370 -463281 -1734188 -350602 -1261444 -1535617 -1428419 749399;
128, -175146 -451853 -1732585 -362651 -1086143 -1675599 -1417560 746090;
129, -175146 -451853 -1732585 -362651 -1086143 -1675599 -1417560 746090;
130, -154255 -433496 -1742668 -346465 -846617 -1785330 -1405615 741694;
131, -154255 -433496 -1742668 -346465 -846617 -1785330 -1405615 741694;
132, -154255 -433496 -1742668 -346465 -846617 -1785330 -1405615 741694;
133, -143602 -329297 -1724880 -300184 -842893 -1768059 -1379966 736368;
134, -143602 -329297 -1724880 -300184 -842893 -1768059 -1379966 736368;
135, -39042 -236476 -1706936 -321489 -889899 -1762008 -1369314 743194;
136, -39042 -236476 -1706936 -321489 -889899 -1762008 -1369314 743194;
137, 56986 -194124 -1703006 -331779 -931319 -1760716 -1296452 744797;
138, 56986 -194124 -1703006 -331779 -931319 -1760716 -1296452 744797;
139, 184971 -138897 -1708487 -317249 -923563 -1791122 -1219506 729128;
140, 184971 -138897 -1708487 -317249 -923563 -1791122 -1219506 729128;
141, 184971 -138897 -1708487 -317249 -923563 -1791122 -1219506 729128;
142, 326091 -95097 -1695456 -337209 -932457 -1809014 -1174517 721837;
143, 326091 -95097 -1695456 -337209 -932457 -1809014 -1174517 721837;
144, 389437 -75499 -1697473 -353860 -834878 -1805136 -1053720 712374;
145, 389437 -75499 -1697473 -353860 -834878 -1805136 -1053720 712374;
146, 410484 -77826 -1691733 -437942 -563135 -1705592 -1073784 703738;
147, 410484 -77826 -1691733 -437942 -563135 -1705592 -1073784 703738;
148, 363168 -106784 -1690182 -507080 -414311 -1542184 -1117635 695826;
149, 363168 -106784 -1690182 -507080 -414311 -1542184 -1117635 695826;
150, 363168 -106784 -1690182 -507080 -414311 -1542184 -1117635 695826;
151, 337157 -113299 -1680305 -524766 -440994 -1522999 -1145455 705755;
152, 337157 -113299 -1680305 -524766 -440994 -1522999 -1145455 705755;
153, 324953 -96804 -1646589 -552793 -440166 -1437417 -1182584 716355;
154, 324953 -96804 -1646589 -552793 -440166 -1437417 -1182584 716355;
155, 383387 -64846 -1632523 -540589 -420206 -1409648 -1166761 735799;
156, 383387 -64846 -1632523 -540589 -420206 -1409648 -1166761 735799;
157, 443941 -55176 -1629111 -594162 -355877 -1348474 -1191530 734920;
158, 443941 -55176 -1629111 -594162 -355877 -1348474 -1191530 734920;
159, 443941 -55176 -1629111 -594162 -355877 -1348474 -1191530 734920;
160, 452318 -50574 -1661534 -591939 -326246 -1362022 -1151712 741539;
161, 452318 -50574 -1661534 -591939 -326246 -1362022 -1151712 741539;
162, 497410 -47626 -1660137 -518767 -317973 -1303950 -1141784 735282;
163, 497410 -47626 -1660137 -518767 -317973 -1303950 -1141784 735282;
164, 491050 -51091 -1660965 -580045 -251575 -1275509 -1195719 739005;
165, 491050 -51091 -1660965 -580045 -251575 -1275509 -1195719 739005;
166, 491050 -51091 -1660965 -580045 -251575 -1275509 -1195719 739005;
167, 481742 -53263 -1667687 -582889 -217963 -1284766 -1195616 738953;
168, 481742 -53263 -1667687 -582889 -217963 -1284766 -1195616 738953;
169, 479673 -53056 -1638832 -575908 -198985 -1234347 -1173586 747020;
170, 479673 -53056 -1638832 -575908 -198985 -1234347 -1173586 747020;
171, 408570 -71982 -1604496 -587543 14220 -779805 -1354007 747020;
172, 408570 -71982 -1604496 -587543 14220 -779805 -1354007 747020;
173, 360376 -97631 -1578278 -649700 89615 -148463 -1468392 713460;
174, 360376 -97631 -1578278 -649700 89615 -148463 -1468392 713460;
175, 360376 -97631 -1578278 -649700 89615 -148463 -1468392 713460;
176, 368649 -109421 -1495592 -842169 -85065 180834 -440166 1162054;
177, 368649 -109421 -1495592 -842169 -85065 180834 -440166 1162054;
178, 350964 -85789 -1509296 -967776 -88220 151927 -754829 1199494;
179, 350964 -85789 -1509296 -967776 -88220 151927 -754829 1199494;
180, 344190 -59313 -1528274 -750175 15100 101561 -879350 1172035;
181, 344190 -59313 -1528274 -750175 15100 101561 -879350 1172035;
182, 343673 -61692 -1518294 -418706 147842 71051 -921236 1167122;
183, 343673 -61692 -1518294 -418706 147842 71051 -921236 1167122;
184, 343673 -61692 -1518294 -418706 147842 71051 -921236 1167122;
185, 346310 -71465 -1484836 -207414 330952 46798 -866887 1161744;
186, 346310 -71465 -1484836 -207414 330952 46798 -866887 1161744;
187, 349826 -61330 -1462704 -94580 488619 42196 -818692 947401;
188, 349826 -61330 -1462704 -94580 488619 42196 -818692 947401;
189, 349154 -41731 -1363470 102853 601091 38783 -882245 511941;
190, 349154 -41731 -1363470 102853 601091 38783 -882245 511941;
191, 344862 -19444 -1237088 217859 645201 30251 -883952 384835;
192, 344862 -19444 -1237088 217859 645201 30251 -883952 384835;
193, 344862 -19444 -1237088 217859 645201 30251 -883952 384835;
194, 333434 -23063 -891605 441665 653940 35163 -1030502 242836;
195, 333434 -23063 -891605 441665 653940 35163 -1030502 242836;
196, 332400 -49695 -834878 465401 668367 30872 -1079731 197847;
197, 332400 -49695 -834878 465401 668367 30872 -1079731 197847;
198, 329555 -50574 -817710 465918 707358 51711 -1162314 156375;
199, 329555 -50574 -817710 465918 707358 51711 -1162314 156375;
200, 318179 -65260 -819261 487119 704979 90132 -1189358 154772;
201, 318179 -65260 -819261 487119 704979 90132 -1189358 154772;
202, 318179 -65260 -819261 487119 704979 90132 -1189358 154772;
203, 316524 -57348 -816314 495135 682381 97269 -1137699 186057;
204, 316524 -57348 -816314 495135 682381 97269 -1137699 186057;
205, 233734 -55331 -812125 516905 568306 122917 -1061321 194227;
206, 233734 -55331 -812125 516905 568306 122917 -1061321 194227;
207, 231046 -50212 -747538 457748 513337 139724 -960122 219048;
208, 231046 -50212 -747538 457748 513337 139724 -960122 219048;
209, 235700 -33250 -699860 413535 440631 181351 -843203 261038;
210, 235700 -33250 -699860 413535 440631 181351 -843203 261038;
211, 235700 -33250 -699860 413535 440631 181351 -843203 261038;
212, 207620 10239 -626482 337829 207776 279085 -668368 305406;
213, 207620 10239 -626482 337829 207776 279085 -668368 305406;
214, 119918 3878 -526782 283481 185333 288497 -611227 422688;
215, 119918 3878 -526782 283481 185333 288497 -611227 422688;
216, 98562 310 -398539 259125 105387 291341 -472434 701204;
217, 98562 310 -398539 259125 105387 291341 -472434 701204;
218, 132174 48246 -171940 224530 31595 340363 -321592 850805;
219, 132174 48246 -171940 224530 31595 340363 -321592 850805;
220, 132174 48246 -171940 224530 31595 340363 -321592 850805;
221, 49022 103888 -145567 183368 109524 433443 -229805 917202;
222, 49022 103888 -145567 183368 109524 433443 -229805 917202;
223, -45868 229494 -74206 165579 34181 596954 -113661 1124926;
224, -45868 229494 -74206 165579 34181 596954 -113661 1124926;
225, -76843 369787 12721 211550 35887 562928 -29631 1170846;
226, -76843 369787 12721 211550 35887 562928 -29631 1170846;
227, -129175 325781 33560 224323 35991 573839 -20633 1166915;
228, -129175 325781 33560 224323 35991 573839 -20633 1166915;
229, -129175 325781 33560 224323 35991 573839 -20633 1166915;
230, -122194 251627 19547 258194 138482 618466 -76223 1139146;
231, -122194 251627 19547 258194 138482 618466 -76223 1139146;
232, -103992 171784 19185 393419 315024 635790 -201105 1066958;
233, -103992 171784 19185 393419 315024 635790 -201105 1066958;
234, -133467 126899 66811 520990 520060 586509 -357739 965293;
235, -133467 126899 66811 520990 520060 586509 -357739 965293;
236, -120642 36456 9153 633359 675297 553775 -499479 899361;
237, -120642 36456 9153 633359 675297 553775 -499479 899361;
238, -120642 36456 9153 633359 675297 553775 -499479 899361;
239, -80670 -22857 -114644 668419 706065 545450 -533557 893208;
240, -80670 -22857 -114644 668419 706065 545450 -533557 893208;
241, 41110 -51504 -237975 609365 745572 500823 -565980 892225;
242, 41110 -51504 -237975 609365 745572 500823 -565980 892225;
243, 107611 -69759 -403348 605952 816727 458523 -594059 890054;
244, 107611 -69759 -403348 605952 816727 458523 -594059 890054;
245, 147584 -91529 -458524 632169 839066 430703 -633101 887364;
246, 147584 -91529 -458524 632169 839066 430703 -633101 887364;
247, 147584 -91529 -458524 632169 839066 430703 -633101 887364;
248, 215015 -116971 -463901 663662 855304 412086 -652389 880539;
249, 215015 -116971 -463901 663662 855304 412086 -652389 880539;
250, 307888 -150066 -511631 705341 883486 409966 -648511 880901;
251, 307888 -150066 -511631 705341 883486 409966 -648511 880901;
252, 349981 -195210 -587698 684501 886744 420309 -653216 857734;
253, 349981 -195210 -587698 684501 886744 420309 -653216 857734;
254, 238027 -75033 -778151 615312 863939 430392 -706427 809694;
255, 238027 -75033 -778151 615312 863939 430392 -706427 809694;
256, 238027 -75033 -778151 615312 863939 430392 -706427 809694;
257, 290824 -54452 -718579 614950 899361 417309 -761345 758914;
258, 290824 -54452 -718579 614950 899361 417309 -761345 758914;
259, 378009 -163459 -663662 716459 912393 392488 -777841 721940;
260, 378009 -163459 -663662 716459 912393 392488 -777841 721940;
261, 360582 -128451 -777013 686156 898793 383283 -804524 677572;
262, 360582 -128451 -777013 686156 898793 383283 -804524 677572;
263, 386490 -85944 -1148248 775410 911669 376819 -791286 681192;
264, 386490 -85944 -1148248 775410 911669 376819 -791286 681192;
265, 386490 -85944 -1148248 775410 911669 376819 -791286 681192;
266, 474812 -69138 -1269873 797077 905205 377337 -814917 671160;
267, 474812 -69138 -1269873 797077 905205 377337 -814917 671160;
268, 502788 -15720 -1298883 636048 901740 377233 -856183 669764;
269, 502788 -15720 -1298883 636048 901740 377233 -856183 669764;
270, 562618 -126382 -1246396 596230 889071 375682 -1003870 580562;
271, 562618 -126382 -1246396 596230 889071 375682 -1003870 580562;
272, 562618 -126382 -1246396 596230 889071 375682 -1003870 580562;
273, 557602 -194641 -1189203 653475 814969 417465 -1184911 572081;
274, 557602 -194641 -1189203 653475 814969 417465 -1184911 572081;
275, 607297 -203432 -1182791 699756 808815 341863 -1274372 657922;
276, 607297 -203432 -1182791 699756 808815 341863 -1274372 657922;
277, 667695 -193193 -1193081 724733 776289 102284 -1199907 754105;
278, 667695 -193193 -1193081 724733 776289 102284 -1199907 754105;
279, 696033 -183213 -1212318 758397 599954 169975 -1179223 845427;
280, 696033 -183213 -1212318 758397 599954 169975 -1179223 845427;
281, 709219 -184764 -1244586 657250 554861 350498 -1205027 681450;
282, 709219 -184764 -1244586 657250 554861 350498 -1205027 681450;
283, 709219 -184764 -1244586 657250 554861 350498 -1205027 681450;
284, 679175 -182903 -1271838 574357 488671 606469 -1363108 521973;
285, 679175 -182903 -1271838 574357 488671 606469 -1363108 521973;
286, 675917 -188487 -1279129 526886 480604 632583 -1290143 363892;
287, 675917 -188487 -1279129 526886 480604 632583 -1290143 363892;
288, 659059 -179387 -1302658 484482 466435 556775 -1045653 173594;
289, 659059 -179387 -1302658 484482 466435 556775 -1045653 173594;
290, 659059 -179387 -1302658 484482 466435 556775 -1045653 173594;
291, 662214 -181196 -1306174 412190 421550 443993 -1063907 203535;
292, 662214 -181196 -1306174 412190 421550 443993 -1063907 203535;
293, 621931 -137190 -1348267 135070 423773 670229 -802041 254264;
294, 621931 -137190 -1348267 135070 423773 670229 -802041 254264;
295, 571616 537124 -1211904 170078 352153 375475 -381629 1037379;
296, 571616 537124 -1211904 170078 352153 375475 -381629 1037379;
297, 564790 511476 -1187031 134966 403606 92356 -330332 1070422;
298, 564790 511476 -1187031 134966 403606 92356 -330332 1070422;
299, 564790 511476 -1187031 134966 403606 92356 -330332 1070422;
300, 600884 458782 -1106362 69551 331159 90391 -175766 1199287;
301, 600884 458782 -1106362 69551 331159 90391 -175766 1199287;
302, 580510 567117 -1131649 -34802 267967 8481 -192987 1165881;
303, 580510 567117 -1131649 -34802 267967 8481 -192987 1165881;
304, 515664 537331 -979462 31285 214446 -63140 -217342 1154349;
305, 515664 537331 -979462 31285 214446 -63140 -217342 1154349;
306, 790406 362289 -681968 -12721 63346 -95201 -221066 1140646;
307, 790406 362289 -681968 -12721 63346 -95201 -221066 1140646;
308, 790406 362289 -681968 -12721 63346 -95201 -221066 1140646;
309, 913065 213464 -545192 -7085 -26476 -203587 -269002 1077972;
310, 913065 213464 -545192 -7085 -26476 -203587 -269002 1077972;
311, 781615 356704 -486396 -64743 -87030 -308303 -281930 1045135;
312, 781615 356704 -486396 -64743 -87030 -308303 -281930 1045135;
313, 597575 533039 -581958 -102337 -86409 -337623 -282447 1030294;
314, 597575 533039 -581958 -102337 -86409 -337623 -282447 1030294;
315, 408415 689724 -682950 -211034 -50625 -369218 -323454 1000302;
316, 408415 689724 -682950 -211034 -50625 -369218 -323454 1000302;
317, 408415 689724 -682950 -211034 -50625 -369218 -323454 1000302;
318, 196503 557654 -443372 -275983 -153531 -551707 -439080 912858;
319, 196503 557654 -443372 -275983 -153531 -551707 -439080 912858;
320, -198468 668678 -425997 -296513 -148308 -590284 -490016 853183;
321, -198468 668678 -425997 -296513 -148308 -590284 -490016 853183;
322, -211034 696498 -448957 -323506 -146395 -613502 -474761 845633;
323, -211034 696498 -448957 -323506 -146395 -613502 -474761 845633;
324, -611951 767343 -406451 -337985 -136414 -647528 -491050 836998;
325, -611951 767343 -406451 -337985 -136414 -647528 -491050 836998;
326, -611951 767343 -406451 -337985 -136414 -647528 -491050 836998;
327, -722354 750899 -326918 -350292 -138897 -666351 -506667 825208;
328, -722354 750899 -326918 -350292 -138897 -666351 -506667 825208;
329, -729594 824742 -358928 -349154 -120177 -664748 -489964 809901;
330, -729594 824742 -358928 -349154 -120177 -664748 -489964 809901;
331, -698205 960277 -401072 -362754 -108956 -661180 -497617 801214;
332, -698205 960277 -401072 -362754 -108956 -661180 -497617 801214;
333, -686312 908773 -389644 -349827 -111231 -658646 -501392 809125;
334, -686312 908773 -389644 -349827 -111231 -658646 -501392 809125;
335, -686312 908773 -389644 -349827 -111231 -658646 -501392 809125;
336, -421447 1001181 -433030 -357583 -125710 -629636 -519439 822725;
337, -421447 1001181 -433030 -357583 -125710 -629636 -519439 822725;
338, -91529 679744 -650993 -372114 -114230 -602798 -528230 823553;
339, -91529 679744 -650993 -372114 -114230 -602798 -528230 823553;
340, -219670 748571 -536504 -363168 -102233 -622862 -532677 806436;
341, -219670 748571 -536504 -363168 -102233 -622862 -532677 806436;
342, -224789 689983 -498807 -362392 -112782 -628085 -548139 806954;
343, -224789 689983 -498807 -362392 -112782 -628085 -548139 806954;
344, -224789 689983 -498807 -362392 -112782 -628085 -548139 806954;
345, -154513 482259 -772979 -353084 -113299 -627206 -531075 806178;
346, -154513 482259 -772979 -353084 -113299 -627206 -531075 806178;
347, -76688 256746 -997717 -345380 -107715 -628705 -505994 789578;
348, -76688 256746 -997717 -345380 -107715 -628705 -505994 789578;
349, -189470 486137 -960071 -429565 -114644 -616088 -519284 801679;
350, -189470 486137 -960071 -429565 -114644 -616088 -519284 801679;
351, -355049 333486 -938817 -441821 -114851 -629481 -532212 801938;
352, -355049 333486 -938817 -441821 -114851 -629481 -532212 801938;
353, -355049 333486 -938817 -441821 -114851 -629481 -532212 801938;
354, -150532 -44420 -982979 -431685 -125297 -623948 -530764 796456;
355, -150532 -44420 -982979 -431685 -125297 -623948 -530764 796456;
356, -139620 -315025 -742211 -521508 -151307 -665058 -503719 772307;
357, -139620 -315025 -742211 -521508 -151307 -665058 -503719 772307;
358, -468039 -368960 -614278 -519698 -112162 -661904 -493222 794646;
359, -468039 -368960 -614278 -519698 -112162 -661904 -493222 794646;
360, -680468 -601557 -652130 -529834 -103630 -717028 -500255 797542;
361, -680468 -601557 -652130 -529834 -103630 -717028 -500255 797542;
362, -680468 -601557 -652130 -529834 -103630 -717028 -500255 797542;
363, -655905 -655078 -561739 -604763 -86616 -774117 -495808 812073;
364, -655905 -655078 -561739 -604763 -86616 -774117 -495808 812073;
365, -620897 -667644 -565256 -715891 -78084 -781822 -485258 830534;
366, -620897 -667644 -565256 -715891 -78084 -781822 -485258 830534;
367, -594369 -465246 -574563 -639772 -70172 -784873 -481432 807367;
368, -594369 -465246 -574563 -639772 -70172 -784873 -481432 807367;
369, -544726 -434788 -482725 -691845 -66759 -744487 -486810 770187;
370, -544726 -434788 -482725 -691845 -66759 -744487 -486810 770187;
371, -544726 -434788 -482725 -691845 -66759 -744487 -486810 770187;
372, -525076 -499841 -465298 -777323 -53263 -652079 -479156 743504;
373, -525076 -499841 -465298 -777323 -53263 -652079 -479156 743504;
374, -535935 -442235 -362030 -688587 -84962 -657198 -474037 734247;
375, -535935 -442235 -362030 -688587 -84962 -657198 -474037 734247;
376, -647890 -378940 -361100 -657715 -113610 -694120 -475537 770756;
377, -647890 -378940 -361100 -657715 -113610 -694120 -475537 770756;
378, -647890 -378940 -361100 -657715 -113610 -694120 -475537 770756;
379, -713046 -300235 -239423 -1580968 118263 -774996 -516595 759328;
380, -713046 -300235 -239423 -1580968 118263 -774996 -516595 759328;
381, -715529 -297030 -112317 -1592809 -134501 -765792 -505115 749089;
382, -715529 -297030 -112317 -1592809 -134501 -765792 -505115 749089;
383, -702963 -305148 124831 -1517052 -354274 -793043 -534539 751157;
384, -702963 -305148 124831 -1517052 -354274 -793043 -534539 751157;
385, -677210 -321489 119505 -1434211 -312853 -794233 -528903 765326;
386, -677210 -321489 119505 -1434211 -312853 -794233 -528903 765326;
387, -655440 -396522 85013 -1489335 -351999 -829603 -647994 654302;
388, -655440 -396522 85013 -1489335 -351999 -829603 -647994 654302;
389, -655440 -396522 85013 -1489335 -351999 -829603 -647994 654302;
390, -658439 -378682 87340 -1542029 -374596 -818434 -571203 756225;
391, -658439 -378682 87340 -1542029 -374596 -818434 -571203 756225;
392, -671470 -380853 62726 -1533238 -388765 -832861 6412 1200735;
393, -671470 -380853 62726 -1533238 -388765 -832861 6412 1200735;
394, -664076 -386076 83927 -1562765 -416999 -1019177 775 1151454;
395, -664076 -386076 83927 -1562765 -416999 -1019177 775 1151454;
396, -664076 -386076 83927 -1562765 -416999 -1019177 775 1151454;
397, -646908 -377078 86616 -1592034 -439649 -1050255 35887 1241276;
398, -646908 -377078 86616 -1592034 -439649 -1050255 35887 1241276;
399, -628550 -350706 118108 -1619699 -419430 -925890 -193504 917564;
400, -628550 -350706 118108 -1619699 -419430 -925890 -193504 917564;
401, -626895 -338967 122452 -1607754 -384421 -679331 -394143 873196;
402, -626895 -338967 122452 -1607754 -384421 -679331 -394143 873196;
403, -634238 -338605 144171 -1579468 -377440 -586767 -544675 712581;
404, -634238 -338605 144171 -1579468 -377440 -586767 -544675 712581;
405, -634238 -338605 144171 -1579468 -377440 -586767 -544675 712581;
406, -629274 -356704 145670 -1571091 -376613 -581027 -931991 639254;
407, -629274 -356704 145670 -1571091 -376613 -581027 -931991 639254;
408, -635841 -368908 135483 -1551802 -432203 -703635 -1191582 601453;
409, -635841 -368908 135483 -1551802 -432203 -703635 -1191582 601453;
410, -634911 -346879 119918 -1530911 -400090 -787769 -1153936 602177;
411, -634911 -346879 119918 -1530911 -400090 -787769 -1153936 602177;
412, -622551 -343880 113351 -1524499 -388558 -923097 -1140802 585164;
413, -622551 -343880 113351 -1524499 -388558 -923097 -1140802 585164;
414, -622551 -343880 113351 -1524499 -388558 -923097 -1140802 585164;
415, -605280 -328625 123383 -1538461 -361617 -788286 -1063286 352412;
416, -605280 -328625 123383 -1538461 -361617 -788286 -1063286 352412;
417, -580252 -333331 154048 -1566695 -289325 -631187 -406089 588577;
418, -580252 -333331 154048 -1566695 -289325 -631187 -406089 588577;
419, -587233 -385973 166200 -1591672 -311560 -570479 -426566 647011;
420, -587233 -385973 166200 -1591672 -311560 -570479 -426566 647011;
421, -586819 -399625 175404 -1592085 -298270 -418706 -404175 748623;
422, -586819 -399625 175404 -1592085 -298270 -418706 -404175 748623;
423, -586819 -399625 175404 -1592085 -298270 -418706 -404175 748623;
424, -600161 -411311 185902 -1568609 -214447 -319265 -426101 504546;
425, -600161 -411311 185902 -1568609 -214447 -319265 -426101 504546;
426, -588888 -398487 210827 -1529928 -119350 -260935 -403451 321644;
427, -588888 -398487 210827 -1529928 -119350 -260935 -403451 321644;
428, -585940 -401796 241440 -1502418 -216050 -287618 -708548 266778;
429, -585940 -401796 241440 -1502418 -216050 -287618 -708548 266778;
430, -587284 -426721 262124 -1509709 -283481 -221635 -849098 250541;
431, -587284 -426721 262124 -1509709 -283481 -221635 -849098 250541;
432, -587284 -426721 262124 -1509709 -283481 -221635 -849098 250541;
433, -596334 -436236 270036 -1484785 -178507 -220342 -1031277 247748;
434, -596334 -436236 270036 -1484785 -178507 -220342 -1031277 247748;
435, -603263 -407381 312646 -1321946 -69862 -150997 -1275457 262072;
436, -603263 -407381 312646 -1321946 -69862 -150997 -1275457 262072;
437, -597472 -396987 327022 -1327996 -62054 -62881 -1310880 235648;
438, -597472 -396987 327022 -1327996 -62054 -62881 -1310880 235648;
439, -590594 -400555 335450 -1341079 -75654 56262 -1569332 122659;
440, -590594 -400555 335450 -1341079 -75654 56262 -1569332 122659;
441, -590594 -400555 335450 -1341079 -75654 56262 -1569332 122659;
442, -573012 -406347 352722 -1356075 -71517 2482 -1521293 118884;
443, -573012 -406347 352722 -1356075 -71517 2482 -1521293 118884;
444, -553569 -411777 352981 -1370037 -75912 3154 -1566488 155444;
445, -553569 -411777 352981 -1370037 -75912 3154 -1566488 155444;
446, -526731 -412863 345224 -1393359 -78239 62519 -1505935 168941;
447, -526731 -412863 345224 -1393359 -78239 62519 -1505935 168941;
448, -504391 -407330 338088 -1388964 -96080 84806 -1564834 173698;
449, -504391 -407330 338088 -1388964 -96080 84806 -1564834 173698;
450, -504391 -407330 338088 -1388964 -96080 84806 -1564834 173698;
451, -483810 -400400 355618 -1387826 -88892 112006 -1633609 187712;
452, -483810 -400400 355618 -1387826 -88892 112006 -1633609 187712;
453, -456300 -364978 361927 -1391704 -87806 110558 -1597463 186781;
454, -456300 -364978 361927 -1391704 -87806 110558 -1597463 186781;
455, -446165 -354015 361048 -1377691 -85220 131243 -1586345 181610;
456, -446165 -354015 361048 -1377691 -85220 131243 -1586345 181610;
457, -419947 -344656 358152 -1370916 -80152 151307 -1583812 173956;
458, -419947 -344656 358152 -1370916 -80152 151307 -1583812 173956;
459, -419947 -344656 358152 -1370916 -80152 151307 -1583812 173956;
460, -374079 -349672 362547 -1352042 -80876 190297 -1595550 171009;
461, -374079 -349672 362547 -1352042 -80876 190297 -1595550 171009;
462, -349051 -357997 354739 -1337097 -82842 158133 -1579054 171629;
463, -349051 -357997 354739 -1337097 -82842 158133 -1579054 171629;
464, -344552 -344604 334210 -1331771 -75137 135535 -1568971 166045;
465, -344552 -344604 334210 -1331771 -75137 135535 -1568971 166045;
466, -344294 -346052 326815 -1318585 -72292 144533 -1579002 162838;
467, -344294 -346052 326815 -1318585 -72292 144533 -1579002 162838;
468, -344294 -346052 326815 -1318585 -72292 144533 -1579002 162838;
469, -345328 -339329 316938 -1315482 -72603 102595 -1567471 165269;
470, -345328 -339329 316938 -1315482 -72603 102595 -1567471 165269;
471, -349516 -319162 227477 -1250481 -53625 86203 -1561576 184660;
472, -349516 -319162 227477 -1250481 -53625 86203 -1561576 184660;
473, -342432 -343466 -323609 -978428 -58796 115419 -1551906 187401;
474, -342432 -343466 -323609 -978428 -58796 115419 -1551906 187401;
475, -327022 -322885 -536297 -843410 -81911 141068 -1474701 200329;
476, -327022 -322885 -536297 -843410 -81911 141068 -1474701 200329;
477, -327022 -322885 -536297 -843410 -81911 141068 -1474701 200329;
478, -311302 -310940 -569806 -613347 -394712 320506 -1626577 174060;
479, -311302 -310940 -569806 -613347 -394712 320506 -1626577 174060;
480, -289221 -275104 -491567 -520008 -509408 259642 -1556663 164855;
481, -289221 -275104 -491567 -520008 -509408 259642 -1556663 164855;
482, -283274 -236941 -507339 -519232 -496945 244697 -1535048 160512;
483, -283274 -236941 -507339 -519232 -496945 244697 -1535048 160512;
484, -283274 -236941 -507339 -519232 -496945 244697 -1535048 160512;
485, -287411 -249765 -492498 -475433 -498238 208862 -1465341 174887;
486, -287411 -249765 -492498 -475433 -498238 208862 -1465341 174887;
487, -286377 -211499 -461523 -368856 -485724 168010 -1100570 184919;
488, -286377 -211499 -461523 -368856 -485724 168010 -1100570 184919;
489, -278362 -184454 -455111 -347655 -544209 51815 -854994 360220;
490, -278362 -184454 -455111 -347655 -544209 51815 -854994 360220;
491, -290152 -156168 -437218 -315542 -594369 -77929 -768894 488257;
492, -290152 -156168 -437218 -315542 -594369 -77929 -768894 488257;
493, -358669 -79222 -427187 -316680 -627826 -123797 -711288 535418;
494, -358669 -79222 -427187 -316680 -627826 -123797 -711288 535418;
495, -358669 -79222 -427187 -316680 -627826 -123797 -711288 535418;
496, -407226 -9877 -448388 -325574 -649803 29424 -842841 546536;
497, -407226 -9877 -448388 -325574 -649803 29424 -842841 546536;
498, -358773 38008 -528230 -467004 -607969 277638 -1026985 549897;
499, -358773 38008 -528230 -467004 -607969 277638 -1026985 549897;
500, -295737 33457 -543330 -867301 -452163 366684 -1126891 546639;
501, -295737 33457 -543330 -867301 -452163 366684 -1126891 546639;
502, -295737 33457 -543330 -867301 -452163 366684 -1126891 546639;
503, -289273 16754 -404123 -1126581 -374182 322678 -1132735 557188;
504, -289273 16754 -404123 -1126581 -374182 322678 -1132735 557188;
505, -289066 24770 -70276 -1297590 -278310 337674 -1148869 538986;
506, -289066 24770 -70276 -1297590 -278310 337674 -1148869 538986;
507, -277276 73378 25132 -1378208 -300856 539193 -1198201 535521;
508, -277276 73378 25132 -1378208 -300856 539193 -1198201 535521;
509, -263004 186212 15410 -1388654 -418654 706582 -1105431 511114;
510, -263004 186212 15410 -1388654 -418654 706582 -1105431 511114;
511, -263004 186212 15410 -1388654 -418654 706582 -1105431 511114;
512, -261142 141275 80411 -1419421 -394919 740349 -1030450 501133;
513, -261142 141275 80411 -1419421 -394919 740349 -1030450 501133;
514, -287670 -123538 579786 -1496368 -302925 747847 -1063545 457489;
515, -287670 -123538 579786 -1496368 -302925 747847 -1063545 457489;
516, -301477 -242888 670901 -1543322 -315852 758035 -1054857 437735;
517, -301477 -242888 670901 -1543322 -315852 758035 -1054857 437735;
518, -291703 -95873 556568 -1463376 -388868 765998 -1118204 395022;
519, -291703 -95873 556568 -1463376 -388868 765998 -1118204 395022;
520, -291703 -95873 556568 -1463376 -388868 765998 -1118204 395022;
521, -378009 152083 8739 -1371951 -361824 763671 -1027399 350343;
522, -378009 152083 8739 -1371951 -361824 763671 -1027399 350343;
523, -393161 261503 -362444 -1453499 -341501 738695 -878729 360169;
524, -393161 261503 -362444 -1453499 -341501 738695 -878729 360169;
525, -361048 375579 -476881 -1426661 -322885 728197 -854115 370769;
526, -361048 375579 -476881 -1426661 -322885 728197 -854115 370769;
527, -316059 342897 -407278 -1396669 -335554 721682 -913427 359186;
528, -316059 342897 -407278 -1396669 -335554 721682 -913427 359186;
529, -316059 342897 -407278 -1396669 -335554 721682 -913427 359186;
530, -283171 309026 -240044 -1452207 -499841 751674 -1085626 332555;
531, -283171 309026 -240044 -1452207 -499841 751674 -1085626 332555;
532, -269002 333434 -147739 -1489232 -571668 753950 -1101966 330486;
533, -269002 333434 -147739 -1489232 -571668 753950 -1101966 330486;
534, -284774 261348 -140189 -1452207 -489809 704565 -1031536 345121;
535, -284774 261348 -140189 -1452207 -489809 704565 -1031536 345121;
536, -345069 309491 -8584 -1379863 -354118 612002 -1115411 389282;
537, -345069 309491 -8584 -1379863 -354118 612002 -1115411 389282;
538, -345069 309491 -8584 -1379863 -354118 612002 -1115411 389282;
539, -362961 223289 29010 -1143749 -201312 503978 -1396410 432616;
540, -362961 223289 29010 -1143749 -201312 503978 -1396410 432616;
541, -405882 30096 22287 -781098 -237613 386490 -1333478 482776;
542, -405882 30096 22287 -781098 -237613 386490 -1333478 482776;
543, -483500 -135173 96131 -523628 -364978 294030 -1323290 537693;
544, -483500 -135173 96131 -523628 -364978 294030 -1323290 537693;
545, -477243 -435305 -52125 -327694 -390316 24356 -1439175 508631;
546, -477243 -435305 -52125 -327694 -390316 24356 -1439175 508631;
547, -477243 -435305 -52125 -327694 -390316 24356 -1439175 508631;
548, -479777 -653372 -478329 -300753 -373717 -136828 -1325462 344965;
549, -479777 -653372 -478329 -300753 -373717 -136828 -1325462 344965;
550, -531436 -642305 -717028 -220238 -262331 -164752 -1401995 202656;
551, -531436 -642305 -717028 -220238 -262331 -164752 -1401995 202656;
552, -609882 -709944 -743504 -275104 -454594 -196554 -1486026 175973;
553, -609882 -709944 -743504 -275104 -454594 -196554 -1486026 175973;
554, -768894 -887055 -812590 -373407 -552224 -446268 -1538151 164079;
555, -768894 -887055 -812590 -373407 -552224 -446268 -1538151 164079;
556, -768894 -887055 -812590 -373407 -552224 -446268 -1538151 164079;
557, -699601 -982152 -816934 -629222 -864922 -588732 -1415750 121573;
558, -699601 -982152 -816934 -629222 -864922 -588732 -1415750 121573;
559, -922115 -1196288 -795784 -674366 -897604 -740815 -1506762 -152083;
560, -922115 -1196288 -795784 -674366 -897604 -740815 -1506762 -152083;
561, -968758 -974291 -744383 -692000 -880436 -847702 -1592551 -178714;
562, -968758 -974291 -744383 -692000 -880436 -847702 -1592551 -178714;
563, -1012351 -614485 -795939 -769877 -967983 -873196 -1715468 -177732;
564, -1012351 -614485 -795939 -769877 -967983 -873196 -1715468 -177732;
565, -1012351 -614485 -795939 -769877 -967983 -873196 -1715468 -177732;
566, -739212 -1068819 -993114 -1089245 -994562 -1044877 -1748202 -204415;
567, -739212 -1068819 -993114 -1089245 -994562 -1044877 -1748202 -204415;
568, -579786 -923873 -1011627 -1165623 -1052220 -1335339 -1770592 -213516;
569, -579786 -923873 -1011627 -1165623 -1052220 -1335339 -1770592 -213516;
570, -653837 -876609 -1100519 -1290971 -1800792 -1345061 -1724983 -208862;
571, -653837 -876609 -1100519 -1290971 -1800792 -1345061 -1724983 -208862;
572, -702756 -845996 -1222609 -1454792 -1867292 -1358661 -1708280 -204983;
573, -702756 -845996 -1222609 -1454792 -1867292 -1358661 -1708280 -204983;
574, -702756 -845996 -1222609 -1454792 -1867292 -1358661 -1708280 -204983;
575, -670333 -868025 -1230624 -1451638 -1931259 -1360005 -1745616 -193762;
576, -670333 -868025 -1230624 -1451638 -1931259 -1360005 -1745616 -193762;
577, -630774 -886434 -1215628 -1492541 -2010532 -1403753 -1841644 -107766;
578, -630774 -886434 -1215628 -1492541 -2010532 -1403753 -1841644 -107766;
579, -611227 -842686 -1276285 -1707401 -2075896 -1582622 -1815685 -41680;
580, -611227 -842686 -1276285 -1707401 -2075896 -1582622 -1815685 -41680;
581, -587853 -774272 -1383224 -1800689 -2122074 -1438865 -1718157 -101458;
582, -587853 -774272 -1383224 -1800689 -2122074 -1438865 -1718157 -101458;
583, -587853 -774272 -1383224 -1800689 -2122074 -1438865 -1718157 -101458;
584, -550518 -687656 -1354524 -1815323 -2152066 -1241587 -1499522 -204363;
585, -550518 -687656 -1354524 -1815323 -2152066 -1241587 -1499522 -204363;
586, -491722 -603780 -1281973 -1786313 -2159823 -1255962 -1503969 -223755;
587, -491722 -603780 -1281973 -1786313 -2159823 -1255962 -1503969 -223755;
588, -454335 -546381 -1218782 -1745202 -2162822 -1317240 -1591051 -416224;
589, -454335 -546381 -1218782 -1745202 -2162822 -1317240 -1591051 -416224;
590, -454335 -546381 -1218782 -1745202 -2162822 -1317240 -1591051 -416224;
591, -446940 -440735 -1136716 -1758854 -2149791 -1340097 -1785227 -404537;
592, -446940 -440735 -1136716 -1758854 -2149791 -1340097 -1785227 -404537;
593, -423308 -450922 -1168674 -1634075 -2152066 -1368538 -1875618 -336227;
594, -423308 -450922 -1168674 -1634075 -2152066 -1368538 -1875618 -336227;
595, -383335 -476416 -1202959 -1585777 -2154445 -1395893 -1948531 -354015;
596, -383335 -476416 -1202959 -1585777 -2154445 -1395893 -1948531 -354015;
597, -386593 -479156 -1289730 -1567833 -2145241 -1467358 -2204915 -265641;
598, -386593 -479156 -1289730 -1567833 -2145241 -1467358 -2204915 -265641;
599, -403037 -454387 -1387930 -1566695 -2101079 -1569539 -2109767 18099;
600, -403037 -454387 -1387930 -1566695 -2101079 -1569539 -2109767 18099;
601, -403037 -454387 -1387930 -1566695 -2101079 -1569539 -2109767 18099;
602, -421602 -365288 -1321429 -1680822 -1909282 -1666808 -1877945 61484;
603, -421602 -365288 -1321429 -1680822 -1909282 -1666808 -1877945 61484;
604, -415138 -363065 -1342786 -1616028 -1768989 -1720278 -1749960 47988;
605, -415138 -363065 -1342786 -1616028 -1768989 -1720278 -1749960 47988;
606, -425273 -372321 -1287144 -1368072 -1739773 -1670273 -1604082 86409;
607, -425273 -372321 -1287144 -1368072 -1739773 -1670273 -1604082 86409;
608, -425273 -372321 -1287144 -1368072 -1739773 -1670273 -1604082 86409;
609, -431944 -294599 -1269511 -1337045 -1990624 -1544821 -1542339 93080;
610, -431944 -294599 -1269511 -1337045 -1990624 -1544821 -1542339 93080;
611, -435098 -219773 -1270959 -1320912 -2086548 -1405149 -1464514 81548;
612, -435098 -219773 -1270959 -1320912 -2086548 -1405149 -1464514 81548;
613, -427394 -205707 -1235536 -1302140 -2088358 -1285231 -1418698 76274;
614, -427394 -205707 -1235536 -1302140 -2088358 -1285231 -1418698 76274;
615, -428376 -204621 -1212370 -1308553 -2066484 -1172707 -1375829 68724;
616, -428376 -204621 -1212370 -1308553 -2066484 -1172707 -1375829 68724;
617, -428376 -204621 -1212370 -1308553 -2066484 -1172707 -1375829 68724;
618, -432978 -198726 -1177723 -1362436 -2032562 -1122651 -1351887 79170;
619, -432978 -198726 -1177723 -1362436 -2032562 -1122651 -1351887 79170;
620, -430134 -195934 -1159056 -1400288 -1953806 -1071819 -1373967 99854;
621, -430134 -195934 -1159056 -1400288 -1953806 -1071819 -1373967 99854;
622, -424291 -200536 -1141008 -1495489 -1814754 -987529 -1338700 88581;
623, -424291 -200536 -1141008 -1495489 -1814754 -987529 -1338700 88581;
624, -429048 -198933 -1101760 -1542804 -1825199 -949212 -1311087 74671;
625, -429048 -198933 -1101760 -1542804 -1825199 -949212 -1311087 74671;
626, -429048 -198933 -1101760 -1542804 -1825199 -949212 -1311087 74671;
627, -433289 -192831 -1055374 -1580295 -1807928 -924442 -1303744 68155;
628, -433289 -192831 -1055374 -1580295 -1807928 -924442 -1303744 68155;
629, -436598 -183575 -1053099 -1599687 -1796758 -914410 -1303433 69448;
630, -436598 -183575 -1053099 -1599687 -1796758 -914410 -1303433 69448;
631, -437374 -180007 -1042085 -1597670 -1760664 -908567 -1290816 69758;
632, -437374 -180007 -1042085 -1597670 -1760664 -908567 -1290816 69758;
633, -435098 -190659 -1031898 -1606461 -1801671 -966017 -1273337 85117;
634, -435098 -190659 -1031898 -1606461 -1801671 -966017 -1273337 85117;
635, -435098 -190659 -1031898 -1606461 -1801671 -966017 -1273337 85117;
636, -425739 -400762 -971292 -1605220 -1788226 -1030088 -1347181 133105;
637, -425739 -400762 -971292 -1605220 -1788226 -1030088 -1347181 133105;
638, -411777 -469280 -815693 -1573987 -1659568 -995958 -1494610 124882;
639, -411777 -469280 -815693 -1573987 -1659568 -995958 -1494610 124882;
640, -394143 -606521 -685484 -1565144 -1509347 -921649 -1409752 74205;
641, -394143 -606521 -685484 -1565144 -1509347 -921649 -1409752 74205;
642, -412708 -539245 -605228 -1411923 -1353283 -729129 -1266925 -311;
643, -412708 -539245 -605228 -1411923 -1353283 -729129 -1266925 -311;
644, -412708 -539245 -605228 -1411923 -1353283 -729129 -1266925 -311;
645, -428479 -455628 -544054 -1142043 -1031536 -444820 -1257979 74102;
646, -428479 -455628 -544054 -1142043 -1031536 -444820 -1257979 74102;
647, -481018 -447096 -443372 -879401 -916788 -81756 -1193754 60037;
648, -481018 -447096 -443372 -879401 -916788 -81756 -1193754 60037;
649, -448595 -374234 -298736 -483242 -766205 -207466 -1120479 442907;
650, -448595 -374234 -298736 -483242 -766205 -207466 -1120479 442907;
651, -448750 -120022 -513906 -595817 -808919 -342380 -1115980 507390;
652, -448750 -120022 -513906 -595817 -808919 -342380 -1115980 507390;
653, -448750 -120022 -513906 -595817 -808919 -342380 -1115980 507390;
654, -373200 -229805 -625913 -704669 -931991 -397608 -1126219 521611;
655, -373200 -229805 -625913 -704669 -931991 -397608 -1126219 521611;
656, -439753 -251575 -568513 -678245 -918443 -382715 -1101449 584595;
657, -439753 -251575 -568513 -678245 -918443 -382715 -1101449 584595;
658, -457386 -273553 -531798 -650320 -898224 -386904 -1085677 584285;
659, -457386 -273553 -531798 -650320 -898224 -386904 -1085677 584285;
660, -453611 -234097 -522439 -592559 -900758 -379767 -1072646 594627;
661, -453611 -234097 -522439 -592559 -900758 -379767 -1072646 594627;
662, -453611 -234097 -522439 -592559 -900758 -379767 -1072646 594627;
663, -435254 -228460 -420516 -403968 -888037 -378630 -1060701 585629;
664, -435254 -228460 -420516 -403968 -888037 -378630 -1060701 585629;
665, -453301 -179128 -294599 -180524 -818641 -336071 -1033139 596644;
666, -453301 -179128 -294599 -180524 -818641 -336071 -1033139 596644;
667, -411570 -215067 -268226 -165631 -782701 -320299 -1022848 609934;
668, -411570 -215067 -268226 -165631 -782701 -320299 -1022848 609934;
669, -413121 -110507 -183523 -11221 -231666 189056 -325212 1410062;
670, -413121 -110507 -183523 -11221 -231666 189056 -325212 1410062;
671, -413121 -110507 -183523 -11221 -231666 189056 -325212 1410062;
672, -422326 -139827 -206431 77929 75240 463591 -71517 1539029;
673, -422326 -139827 -206431 77929 75240 463591 -71517 1539029;
674, -390368 -70483 -88323 171216 67586 450870 -66811 1534789;
675, -390368 -70483 -88323 171216 67586 450870 -66811 1534789;
676, -374906 149755 102078 417723 167027 481793 -45609 1537064;
677, -374906 149755 102078 417723 167027 481793 -45609 1537064;
678, -364875 206069 329452 619966 170337 525231 -41576 1552319;
679, -364875 206069 329452 619966 170337 525231 -41576 1552319;
680, -364875 206069 329452 619966 170337 525231 -41576 1552319;
681, -485413 259642 529161 781046 170078 558119 14427 1573676;
682, -485413 259642 529161 781046 170078 558119 14427 1573676;
683, -508477 376923 790509 803334 105543 523317 29941 1568453;
684, -508477 376923 790509 803334 105543 523317 29941 1568453;
685, -550621 379664 907273 930750 52900 317248 -193711 1329392;
686, -550621 379664 907273 930750 52900 317248 -193711 1329392;
687, -542192 240250 1031535 1085367 -1241 232907 -190453 1319929;
688, -542192 240250 1031535 1085367 -1241 232907 -190453 1319929;
689, -542192 240250 1031535 1085367 -1241 232907 -190453 1319929;
690, -555741 284515 1036706 1007645 -20943 266313 -211758 1302347;
691, -555741 284515 1036706 1007645 -20943 266313 -211758 1302347;
692, -528696 198157 1058529 919012 -94063 303079 -263676 1304312;
693, -528696 198157 1058529 919012 -94063 303079 -263676 1304312;
694, -526886 272260 944506 924131 -89978 81859 -330487 1217179;
695, -526886 272260 944506 924131 -89978 81859 -330487 1217179;
696, -526886 272260 944506 924131 -89978 81859 -330487 1217179;
697, -539348 311974 840462 1005163 -29424 6826 -418396 1167484;
698, -539348 311974 840462 1005163 -29424 6826 -418396 1167484;
699, -544416 379353 911100 956347 30510 45299 -352309 1138991;
700, -544416 379353 911100 956347 30510 45299 -352309 1138991;
701, -560653 450095 1069802 1062511 -131812 158443 -243663 1182480;
702, -560653 450095 1069802 1062511 -131812 158443 -243663 1182480;
703, -558016 470727 1150264 1153677 -182437 318489 -301994 1257772;
704, -558016 470727 1150264 1153677 -182437 318489 -301994 1257772;
705, -563446 398280 1083557 702083 -110249 568358 -260780 1289419;
706, -563446 398280 1083557 702083 -110249 568358 -260780 1289419;
707, -563446 398280 1083557 702083 -110249 568358 -260780 1289419;
708, -564066 260573 1029829 1005835 -277327 435305 -209896 1370968;
709, -564066 260573 1029829 1005835 -277327 435305 -209896 1370968;
710, -558120 313835 1004904 892742 -575184 527351 -220549 1377173;
711, -558120 313835 1004904 892742 -575184 527351 -220549 1377173;
712, -546122 337209 1032156 636255 -803593 530816 46592 1538202;
713, -546122 337209 1032156 636255 -803593 530816 46592 1538202;
714, -546122 337209 1032156 636255 -803593 530816 46592 1538202;
715, -549018 307061 997458 621776 -812952 453455 191280 1651863;
716, -549018 307061 997458 621776 -812952 453455 191280 1651863;
717, -544933 294340 991821 397504 -722354 538107 202811 1604703;
718, -544933 294340 991821 397504 -722354 538107 202811 1604703;
719, -544209 291910 992080 608693 -619553 657250 483396 1522482;
720, -544209 291910 992080 608693 -619553 657250 483396 1522482;
721, -539969 272260 984064 737299 -580148 641323 567944 1069336;
722, -539969 272260 984064 737299 -580148 641323 567944 1069336;
723, -539969 272260 984064 737299 -580148 641323 567944 1069336;
724, -542089 275259 998699 853494 -653216 666868 608383 806488;
725, -542089 275259 998699 853494 -653216 666868 608383 806488;
726, -538417 269622 981531 896776 -668109 579166 599540 965655;
727, -538417 269622 981531 896776 -668109 579166 599540 965655;
728, -539607 275517 1008524 940162 -642409 531384 567220 1137130;
729, -539607 275517 1008524 940162 -642409 531384 567220 1137130;
730, -545398 285032 1014419 952779 -625603 532936 566652 1253428;
731, -545398 285032 1014419 952779 -625603 532936 566652 1253428;
732, -545398 285032 1014419 952779 -625603 532936 566652 1253428;
733, -545398 269467 1022124 978480 -634083 584078 564635 1276181;
734, -545398 269467 1022124 978480 -634083 584078 564635 1276181;
735, -547467 266313 1025020 1021917 -657508 658594 565100 1175913;
736, -547467 266313 1025020 1021917 -657508 658594 565100 1175913;
737, -546019 266209 1043429 1195563 -622241 712012 562928 1160193;
738, -546019 266209 1043429 1195563 -622241 712012 562928 1160193;
739, -547208 271225 1087177 1418387 -139207 374389 570064 1048238;
740, -547208 271225 1087177 1418387 -139207 374389 570064 1048238;
741, -547208 271225 1087177 1418387 -139207 374389 570064 1048238;
742, -545347 286170 1067268 1562920 126899 248783 575029 1089917;
743, -545347 286170 1067268 1562920 126899 248783 575029 1089917;
744, -547053 253074 605642 1632006 36973 341656 567220 1301416;
745, -547053 253074 605642 1632006 36973 341656 567220 1301416;
746, -547881 156478 376406 1624456 -105336 623999 562566 1449776;
747, -547881 156478 376406 1624456 -105336 623999 562566 1449776;
748, -558016 109524 505684 1595291 -144119 781770 568099 1493575;
749, -558016 109524 505684 1595291 -144119 781770 568099 1493575;
750, -558016 109524 505684 1595291 -144119 781770 568099 1493575;
751, -630050 204207 712994 1590068 -85996 730007 594110 1491352;
752, -630050 204207 712994 1590068 -85996 730007 594110 1491352;
753, -633980 228719 898999 1563644 982 745366 617742 1497091;
754, -633980 228719 898999 1563644 982 745366 617742 1497091;
755, -476261 183109 984064 1446673 211137 733162 610399 1475166;
756, -476261 183109 984064 1446673 211137 733162 610399 1475166;
757, -559464 78342 1197994 1671462 695361 893363 573736 1456705;
758, -559464 78342 1197994 1671462 695361 893363 573736 1456705;
759, -559464 78342 1197994 1671462 695361 893363 573736 1456705;
760, -760879 -97993 1228503 1605116 664644 938921 535056 1455929;
761, -760879 -97993 1228503 1605116 664644 938921 535056 1455929;
762, -879608 -65570 1176017 1629110 840411 1013488 643908 1475735;
763, -879608 -65570 1176017 1629110 840411 1013488 643908 1475735;
764, -985202 -61847 1150885 1611787 856648 1022227 654043 1475787;
765, -985202 -61847 1150885 1611787 856648 1022227 654043 1475787;
766, -1006766 -94994 1202079 1542029 892846 1204561 694740 1478734;
767, -1006766 -94994 1202079 1542029 892846 1204561 694740 1478734;
768, -1006766 -94994 1202079 1542029 892846 1204561 694740 1478734;
769, -1029105 -46023 1229072 1520310 825363 1323652 772566 1494610;
770, -1029105 -46023 1229072 1520310 825363 1323652 772566 1494610;
771, -994924 206586 1203113 1586035 808195 1357368 811814 1502108;
772, -994924 206586 1203113 1586035 808195 1357368 811814 1502108;
773, -931216 393212 1131752 1614993 783425 1347025 823863 1508985;
774, -931216 393212 1131752 1614993 783425 1347025 823863 1508985;
775, -899879 734041 1075076 1658689 730318 1299193 814090 1510588;
776, -899879 734041 1075076 1658689 730318 1299193 814090 1510588;
777, -899879 734041 1075076 1658689 730318 1299193 814090 1510588;
778, -928527 723957 1160710 1643383 647114 1253170 766412 1508520;
779, -928527 723957 1160710 1643383 647114 1253170 766412 1508520;
780, -967569 564738 1082523 1631437 623172 1218937 732748 1510123;
781, -967569 564738 1082523 1631437 623172 1218937 732748 1510123;
782, -913014 576632 1081230 1624456 626274 1221005 723595 1514415;
783, -913014 576632 1081230 1624456 626274 1221005 723595 1514415;
784, -875575 584905 1091675 1623267 625757 1267287 724733 1526205;
785, -875575 584905 1091675 1623267 625757 1267287 724733 1526205;
786, -875575 584905 1091675 1623267 625757 1267287 724733 1526205;
787, -858562 596540 1093744 1605737 624930 1250429 723233 1550613;
788, -858562 596540 1093744 1605737 624930 1250429 723233 1550613;
789, -798835 585940 1082419 1659206 593128 1217799 734403 1560489;
790, -798835 585940 1082419 1659206 593128 1217799 734403 1560489;
791, -812849 579166 996113 1741117 630360 1231761 746503 1564678;
792, -812849 579166 996113 1741117 630360 1231761 746503 1564678;
793, -908618 523007 838704 1500763 547777 1271993 694688 1548131;
794, -908618 523007 838704 1500763 547777 1271993 694688 1548131;
795, -908618 523007 838704 1500763 547777 1271993 694688 1548131;
796, -1035362 -76016 729594 1606254 491670 1317757 710667 1587483;
797, -1035362 -76016 729594 1606254 491670 1317757 710667 1587483;
798, -1039344 -756691 696240 1756424 469228 1267804 770135 1617320;
799, -1039344 -756691 696240 1756424 469228 1267804 770135 1617320;
800, -997458 -952779 700790 1714589 464315 1226952 753122 1618665;
801, -997458 -952779 700790 1714589 464315 1226952 753122 1618665;
802, -997458 -952779 700790 1714589 464315 1226952 753122 1618665;
803, -931009 -963174 697843 1644262 503254 1268476 725664 1631282;
804, -931009 -963174 697843 1644262 503254 1268476 725664 1631282;
805, -917099 -1020935 356032 1569022 432202 1236519 685949 1627197;
806, -917099 -1020935 356032 1569022 432202 1236519 685949 1627197;
807, -915444 -961467 -136932 1570780 364512 1192254 656164 1656931;
808, -915444 -961467 -136932 1570780 364512 1192254 656164 1656931;
809, -846255 -951021 -282188 1645141 273190 1070577 610606 1674513;
810, -846255 -951021 -282188 1645141 273190 1070577 610606 1674513;
811, -485775 -902258 -695723 958312 365495 812900 571719 1687337;
812, -485775 -902258 -695723 958312 365495 812900 571719 1687337;
813, -485775 -902258 -695723 958312 365495 812900 571719 1687337;
814, -484948 -900034 -1056874 667230 775 815383 581182 1698610;
815, -484948 -900034 -1056874 667230 775 815383 581182 1698610;
816, -473985 -889226 -1235743 556981 -201571 835395 591266 1718260;
817, -473985 -889226 -1235743 556981 -201571 835395 591266 1718260;
818, -467883 -881263 -1150627 178972 -222669 879039 585836 1755803;
819, -467883 -881263 -1150627 178972 -222669 879039 585836 1755803;
820, -467883 -881263 -1150627 178972 -222669 879039 585836 1755803;
821, -571306 -511217 -1151661 -514579 -214292 763309 436753 1757458;
822, -571306 -511217 -1151661 -514579 -214292 763309 436753 1757458;
823, -505891 -664489 -1179637 -657043 -520680 570788 266468 1770024;
824, -505891 -664489 -1179637 -657043 -520680 570788 266468 1770024;
825, -517785 -701205 -1292781 -831310 -621569 541158 216980 1755958;
826, -517785 -701205 -1292781 -831310 -621569 541158 216980 1755958;
827, -510855 -711391 -1502004 -1094210 -770291 625188 251213 1777677;
828, -510855 -711391 -1502004 -1094210 -770291 625188 251213 1777677;
829, -510855 -711391 -1502004 -1094210 -770291 625188 251213 1777677;
830, -564790 -781926 -1622699 -1269718 -862492 665937 381422 1774315;
831, -564790 -781926 -1622699 -1269718 -862492 665937 381422 1774315;
832, -599954 -824277 -1655225 -1295832 -916685 549535 427600 1749908;
833, -599954 -824277 -1655225 -1295832 -916685 549535 427600 1749908;
834, -594679 -818951 -1661482 -1328410 -937525 514837 411362 1748098;
835, -594679 -818951 -1661482 -1328410 -937525 514837 411362 1748098;
836, -579580 -813366 -1605841 -1330271 -945333 479208 383645 1740238;
837, -579580 -813366 -1605841 -1330271 -945333 479208 383645 1740238;
838, -579580 -813366 -1605841 -1330271 -945333 479208 383645 1740238;
839, -566445 -816727 -1591154 -1309121 -934112 488671 373769 1739307;
840, -566445 -816727 -1591154 -1309121 -934112 488671 373769 1739307;
841, -571565 -817141 -1592706 -1316878 -945023 480190 347448 1734084;
842, -571565 -817141 -1592706 -1316878 -945023 480190 347448 1734084;
843, -573529 -821640 -1583398 -1292781 -923149 480035 329400 1725241;
844, -573529 -821640 -1583398 -1292781 -923149 480035 329400 1725241;
845, -566755 -822312 -1565454 -1258341 -916168 488309 320144 1719657;
846, -566755 -822312 -1565454 -1258341 -916168 488309 320144 1719657;
847, -566755 -822312 -1565454 -1258341 -916168 488309 320144 1719657;
848, -531023 -810936 -1511933 -1184756 -856959 473313 304786 1729275;
849, -531023 -810936 -1511933 -1184756 -856959 473313 304786 1729275;
850, -503512 -765430 -1396307 -1074094 -814142 456765 305251 1731395;
851, -503512 -765430 -1396307 -1074094 -814142 456765 305251 1731395;
852, -482414 -684915 -1226332 -906550 -756898 379715 149290 1590017;
853, -482414 -684915 -1226332 -906550 -756898 379715 149290 1590017;
854, -485206 -609934 -935663 -660198 -710306 284412 -16599 1484474;
855, -485206 -609934 -935663 -660198 -710306 284412 -16599 1484474;
856, -485206 -609934 -935663 -660198 -710306 284412 -16599 1484474;
857, -510545 -507132 -712477 -455214 -612933 206534 -110559 1390256;
858, -510545 -507132 -712477 -455214 -612933 206534 -110559 1390256;
859, -530661 -448285 -579993 -371339 -554138 -123487 -415293 1042808;
860, -530661 -448285 -579993 -371339 -554138 -123487 -415293 1042808;
861, -552121 -425015 -566031 -352050 -558533 -105646 -480242 921908;
862, -552121 -425015 -566031 -352050 -558533 -105646 -480242 921908;
863, -563549 -391299 -546536 -345121 -564635 -119660 -649390 825363;
864, -563549 -391299 -546536 -345121 -564635 -119660 -649390 825363;
865, -563549 -391299 -546536 -345121 -564635 -119660 -649390 825363;
866, -583975 -380078 -463591 -227943 -571720 -139465 -702187 652492;
867, -583975 -380078 -463591 -227943 -571720 -139465 -702187 652492;
868, -581441 -348430 -503978 -102854 -428686 -85427 -750847 719665;
869, -581441 -348430 -503978 -102854 -428686 -85427 -750847 719665;
870, -461575 -264968 -415603 -203122 -512924 -209792 -689052 714132;
871, -461575 -264968 -415603 -203122 -512924 -209792 -689052 714132;
872, -461006 -267140 -425842 -203432 -465608 -86823 -671522 801007;
873, -461006 -267140 -425842 -203432 -465608 -86823 -671522 801007;
874, -461006 -267140 -425842 -203432 -465608 -86823 -671522 801007;
875, -457024 -262383 -425532 -213930 -453663 -68828 -673849 847599;
876, -457024 -262383 -425532 -213930 -453663 -68828 -673849 847599;
877, -457438 -259746 -423980 -214447 -455007 -70948 -671781 864456;
878, -457438 -259746 -423980 -214447 -455007 -70948 -671781 864456;
879, -457851 -259280 -423929 -214654 -455007 -68569 -667385 868749;
880, -457851 -259280 -423929 -214654 -455007 -68569 -667385 868749;
881, -457748 -258504 -423929 -214033 -454697 -66190 -664644 870713;
882, -457748 -258504 -423929 -214033 -454697 -66190 -664644 870713;
883, -457748 -258504 -423929 -214033 -454697 -66190 -664644 870713;
884, -457541 -257884 -423825 -214240 -454439 -64898 -663455 869886;
885, -457541 -257884 -423825 -214240 -454439 -64898 -663455 869886;
886, -456507 -257160 -423825 -214602 -453818 -63812 -663507 867766;
887, -456507 -257160 -423825 -214602 -453818 -63812 -663507 867766;
888, -456765 -256850 -424032 -214602 -453353 -62571 -663093 867042;
889, -456765 -256850 -424032 -214602 -453353 -62571 -663093 867042;
890, -457076 -257108 -423567 -214550 -453042 -62209 -663248 866835;
891, -457076 -257108 -423567 -214550 -453042 -62209 -663248 866835;
892, -457076 -257108 -423567 -214550 -453042 -62209 -663248 866835;
893, -456714 -256488 -423567 -214447 -452422 -61795 -662783 866163;
894, -456714 -256488 -423567 -214447 -452422 -61795 -662783 866163;
895, -456662 -256540 -423463 -214654 -452111 -60864 -663093 865387;
896, -456662 -256540 -423463 -214654 -452111 -60864 -663093 865387;
