0, -453249 -151669 -345121 -178921 -355980 -92770 -1015350 426669;
1, -453249 -151669 -345121 -178921 -355980 -92770 -1015350 426669;
2, -453456 -148204 -353860 -163976 -321334 -72292 -933698 458472;
3, -453456 -148204 -353860 -163976 -321334 -72292 -933698 458472;
4, -455369 -144481 -354843 -170130 -343259 -73120 -856079 473209;
5, -455369 -144481 -354843 -170130 -343259 -73120 -856079 473209;
6, -454283 -131295 -351843 -174525 -370356 -91839 -837670 486757;
7, -454283 -131295 -351843 -174525 -370356 -91839 -837670 486757;
8, -454283 -131295 -351843 -174525 -370356 -91839 -837670 486757;
9, -447716 -120694 -359290 -201571 -402365 -151980 -875264 509045;
10, -447716 -120694 -359290 -201571 -402365 -151980 -875264 509045;
11, -414569 -136932 -394298 -263004 -442028 -242112 -943833 517578;
12, -414569 -136932 -394298 -263004 -442028 -242112 -943833 517578;
13, -361720 -148566 -447975 -361513 -541262 -364202 -1015712 514630;
14, -361720 -148566 -447975 -361513 -541262 -364202 -1015712 514630;
15, -339536 -159064 -469124 -444510 -665886 -503202 -1135837 407174;
16, -339536 -159064 -469124 -444510 -665886 -503202 -1135837 407174;
17, -339536 -159064 -469124 -444510 -665886 -503202 -1135837 407174;
18, -323402 -167906 -460075 -502633 -804989 -661283 -1295315 282395;
19, -323402 -167906 -460075 -502633 -804989 -661283 -1295315 282395;
20, -312336 -175404 -495135 -606470 -990063 -815279 -1419835 229598;
21, -312336 -175404 -495135 -606470 -990063 -815279 -1419835 229598;
22, -295892 -191125 -554138 -722199 -1172552 -943110 -1501177 164700;
23, -295892 -191125 -554138 -722199 -1172552 -943110 -1501177 164700;
24, -286687 -199761 -609417 -819830 -1301468 -1034638 -1552681 108180;
25, -286687 -199761 -609417 -819830 -1301468 -1034638 -1552681 108180;
26, -286687 -199761 -609417 -819830 -1301468 -1034638 -1552681 108180;
27, -261711 -214188 -660818 -885658 -1378414 -1098760 -1593016 70586;
28, -261711 -214188 -660818 -885658 -1378414 -1098760 -1593016 70586;
29, -245525 -217394 -680882 -920253 -1433952 -1154091 -1631179 25390;
30, -245525 -217394 -680882 -920253 -1433952 -1154091 -1631179 25390;
31, -243508 -218325 -685950 -950608 -1485457 -1195719 -1664688 11687;
32, -243508 -218325 -685950 -950608 -1485457 -1195719 -1664688 11687;
33, -243353 -217756 -694223 -989391 -1546476 -1234037 -1712728 5998;
34, -243353 -217756 -694223 -989391 -1546476 -1234037 -1712728 5998;
35, -243353 -217756 -694223 -989391 -1546476 -1234037 -1712728 5998;
36, -248059 -216515 -696447 -1024762 -1607185 -1266667 -1742048 -25804;
37, -248059 -216515 -696447 -1024762 -1607185 -1266667 -1742048 -25804;
38, -243922 -215998 -710719 -1067578 -1643900 -1278353 -1751511 -72654;
39, -243922 -215998 -710719 -1067578 -1643900 -1278353 -1751511 -72654;
40, -226909 -216618 -734403 -1092917 -1657811 -1299814 -1748770 -153789;
41, -226909 -216618 -734403 -1092917 -1657811 -1299814 -1748770 -153789;
42, -198623 -221324 -756742 -1117790 -1685941 -1331461 -1756165 -170906;
43, -198623 -221324 -756742 -1117790 -1685941 -1331461 -1756165 -170906;
44, -198623 -221324 -756742 -1117790 -1685941 -1331461 -1756165 -170906;
45, -158392 -223031 -780995 -1161124 -1721622 -1341338 -1760250 -194848;
46, -158392 -223031 -780995 -1161124 -1721622 -1341338 -1760250 -194848;
47, -100578 -228357 -816520 -1206682 -1752856 -1353748 -1766094 -223341;
48, -100578 -228357 -816520 -1206682 -1752856 -1353748 -1766094 -223341;
49, 6722 -242216 -863578 -1248671 -1767231 -1353697 -1772558 -229753;
50, 6722 -242216 -863578 -1248671 -1767231 -1353697 -1772558 -229753;
51, 72706 -264761 -919477 -1275716 -1765680 -1346043 -1769248 -259177;
52, 72706 -264761 -919477 -1275716 -1765680 -1346043 -1769248 -259177;
53, 72706 -264761 -919477 -1275716 -1765680 -1346043 -1769248 -259177;
54, 109834 -278206 -940938 -1297331 -1781349 -1352766 -1790967 -253747;
55, 109834 -278206 -940938 -1297331 -1781349 -1352766 -1790967 -253747;
56, 117539 -279396 -957227 -1333478 -1810669 -1348474 -1798982 -256540;
57, 117539 -279396 -957227 -1333478 -1810669 -1348474 -1798982 -256540;
58, 132846 -284567 -985875 -1365849 -1828302 -1345061 -1803377 -256126;
59, 132846 -284567 -985875 -1365849 -1828302 -1345061 -1803377 -256126;
60, 147274 -292220 -1010438 -1394083 -1847591 -1342734 -1804877 -255402;
61, 147274 -292220 -1010438 -1394083 -1847591 -1342734 -1804877 -255402;
62, 147274 -292220 -1010438 -1394083 -1847591 -1342734 -1804877 -255402;
63, 166562 -296099 -1033914 -1420249 -1860673 -1338028 -1806584 -264089;
64, 166562 -296099 -1033914 -1420249 -1860673 -1338028 -1806584 -264089;
65, 178662 -309440 -1073525 -1456188 -1874842 -1333840 -1818218 -271743;
66, 178662 -309440 -1073525 -1456188 -1874842 -1333840 -1818218 -271743;
67, 190452 -321230 -1104552 -1488663 -1893096 -1332805 -1830009 -286273;
68, 190452 -321230 -1104552 -1488663 -1893096 -1332805 -1830009 -286273;
69, 200795 -339226 -1140802 -1517725 -1900388 -1331926 -1866982 -282292;
70, 200795 -339226 -1140802 -1517725 -1900388 -1331926 -1866982 -282292;
71, 200795 -339226 -1140802 -1517725 -1900388 -1331926 -1866982 -282292;
72, 201157 -355722 -1178189 -1538357 -1894131 -1331616 -1889477 -276087;
73, 201157 -355722 -1178189 -1538357 -1894131 -1331616 -1889477 -276087;
74, 203432 -368494 -1208026 -1558939 -1897027 -1329858 -1890873 -274277;
75, 203432 -368494 -1208026 -1558939 -1897027 -1329858 -1890873 -274277;
76, 207982 -376923 -1232279 -1577710 -1898113 -1328720 -1880582 -275931;
77, 207982 -376923 -1232279 -1577710 -1898113 -1328720 -1880582 -275931;
78, 207982 -376923 -1232279 -1577710 -1898113 -1328720 -1880582 -275931;
79, 217652 -391247 -1250171 -1585621 -1894544 -1333633 -1919573 -270191;
80, 217652 -391247 -1250171 -1585621 -1894544 -1333633 -1919573 -270191;
81, 220290 -406813 -1267029 -1587431 -1886426 -1328979 -1918280 -280430;
82, 220290 -406813 -1267029 -1587431 -1886426 -1328979 -1918280 -280430;
83, 217032 -430806 -1288902 -1597308 -1884254 -1330375 -1980075 -270295;
84, 217032 -430806 -1288902 -1597308 -1884254 -1330375 -1980075 -270295;
85, 214601 -449577 -1314448 -1608995 -1874429 -1338080 -2008051 -266985;
86, 214601 -449577 -1314448 -1608995 -1874429 -1338080 -2008051 -266985;
87, 213826 -476209 -1345319 -1625698 -1866103 -1338390 -1995640 -267606;
88, 213826 -476209 -1345319 -1625698 -1866103 -1338390 -1995640 -267606;
89, 213826 -476209 -1345319 -1625698 -1866103 -1338390 -1995640 -267606;
90, 214033 -492912 -1370451 -1635885 -1859432 -1334977 -1991710 -268226;
91, 214033 -492912 -1370451 -1635885 -1859432 -1334977 -1991710 -268226;
92, 212171 -511993 -1397651 -1650519 -1847280 -1341183 -2009912 -264141;
93, 212171 -511993 -1397651 -1650519 -1847280 -1341183 -2009912 -264141;
94, 208448 -542554 -1431367 -1661999 -1828251 -1346199 -2012498 -264141;
95, 208448 -542554 -1431367 -1661999 -1828251 -1346199 -2012498 -264141;
96, 197020 -570479 -1460480 -1671255 -1814909 -1343716 -2006292 -266054;
97, 197020 -570479 -1460480 -1671255 -1814909 -1343716 -2006292 -266054;
98, 197020 -570479 -1460480 -1671255 -1814909 -1343716 -2006292 -266054;
99, 185798 -603470 -1483078 -1674203 -1803636 -1341751 -2006448 -265951;
100, 185798 -603470 -1483078 -1674203 -1803636 -1341751 -2006448 -265951;
101, 167596 -643960 -1509140 -1679374 -1791536 -1339838 -2002828 -265641;
102, 167596 -643960 -1509140 -1679374 -1791536 -1339838 -2002828 -265641;
103, 150221 -673487 -1535720 -1690647 -1779435 -1340614 -2003293 -267296;
104, 150221 -673487 -1535720 -1690647 -1779435 -1340614 -2003293 -267296;
105, 150221 -673487 -1535720 -1690647 -1779435 -1340614 -2003293 -267296;
106, 130984 -694120 -1551389 -1694112 -1770748 -1340200 -2006034 -268226;
107, 130984 -694120 -1551389 -1694112 -1770748 -1340200 -2006034 -268226;
108, 120022 -708030 -1564575 -1701972 -1766301 -1340407 -2010636 -265899;
109, 120022 -708030 -1564575 -1701972 -1766301 -1340407 -2010636 -265899;
110, 104095 -731559 -1582726 -1707143 -1760768 -1338907 -2015290 -262486;
111, 104095 -731559 -1582726 -1707143 -1760768 -1338907 -2015290 -262486;
112, 90546 -754622 -1602997 -1718675 -1756837 -1355041 -2024029 -263934;
113, 90546 -754622 -1602997 -1718675 -1756837 -1355041 -2024029 -263934;
114, 90546 -754622 -1602997 -1718675 -1756837 -1355041 -2024029 -263934;
115, 56210 -778771 -1620061 -1724208 -1753528 -1359488 -2025632 -260987;
116, 56210 -778771 -1620061 -1724208 -1753528 -1359488 -2025632 -260987;
117, 36973 -805920 -1634695 -1728344 -1748046 -1377949 -2038405 -252609;
118, 36973 -805920 -1634695 -1728344 -1748046 -1377949 -2038405 -252609;
119, -11635 -837722 -1653777 -1733309 -1743030 -1393721 -2043369 -250541;
120, -11635 -837722 -1653777 -1733309 -1743030 -1393721 -2043369 -250541;
121, -53521 -873661 -1671462 -1736411 -1740807 -1396772 -2042749 -248059;
122, -53521 -873661 -1671462 -1736411 -1740807 -1396772 -2042749 -248059;
123, -53521 -873661 -1671462 -1736411 -1740807 -1396772 -2042749 -248059;
124, -67380 -894656 -1684856 -1738066 -1739204 -1408562 -2061158 -236786;
125, -67380 -894656 -1684856 -1738066 -1739204 -1408562 -2061158 -236786;
126, -136466 -948022 -1726845 -1764284 -1738739 -1497712 -2125487 -71465;
127, -136466 -948022 -1726845 -1764284 -1738739 -1497712 -2125487 -71465;
128, -372425 -1045394 -1745513 -1767593 -1748822 -1572177 -2149791 -85789;
129, -372425 -1045394 -1745513 -1767593 -1748822 -1572177 -2149791 -85789;
130, -410432 -1054857 -1733050 -1765163 -1749805 -1602324 -2137536 -25132;
131, -410432 -1054857 -1733050 -1765163 -1749805 -1602324 -2137536 -25132;
132, -410432 -1054857 -1733050 -1765163 -1749805 -1602324 -2137536 -25132;
133, -515923 -1086867 -1719657 -1763767 -1757820 -1616442 -2128331 2223;
134, -515923 -1086867 -1719657 -1763767 -1757820 -1616442 -2128331 2223;
135, -579786 -1108430 -1701299 -1755958 -1766404 -1627559 -2149688 12669;
136, -579786 -1108430 -1701299 -1755958 -1766404 -1627559 -2149688 12669;
137, -622396 -1130407 -1692871 -1751046 -1771782 -1627714 -2153669 15513;
138, -622396 -1130407 -1692871 -1751046 -1771782 -1627714 -2153669 15513;
139, -711546 -1197581 -1679219 -1745358 -1776436 -1627818 -2130710 36094;
140, -711546 -1197581 -1679219 -1745358 -1776436 -1627818 -2130710 36094;
141, -711546 -1197581 -1679219 -1745358 -1776436 -1627818 -2130710 36094;
142, -813780 -1234347 -1676892 -1748512 -1786261 -1640332 -2054901 82634;
143, -813780 -1234347 -1676892 -1748512 -1786261 -1640332 -2054901 82634;
144, -871283 -1264753 -1655328 -1715261 -1796603 -1673582 -1964717 134553;
145, -871283 -1264753 -1655328 -1715261 -1796603 -1673582 -1964717 134553;
146, -890364 -1256790 -1637902 -1708591 -1801619 -1689561 -1913626 159477;
147, -890364 -1256790 -1637902 -1708591 -1801619 -1689561 -1913626 159477;
148, -879608 -1222092 -1499419 -1670842 -1904525 -1688734 -1783624 154875;
149, -879608 -1222092 -1499419 -1670842 -1904525 -1688734 -1783624 154875;
150, -879608 -1222092 -1499419 -1670842 -1904525 -1688734 -1783624 154875;
151, -873920 -1157659 -1396307 -1634178 -1974593 -1688113 -1752959 167234;
152, -873920 -1157659 -1396307 -1634178 -1974593 -1688113 -1752959 167234;
153, -830534 -1126736 -1364504 -1617217 -2001949 -1690854 -1689561 198261;
154, -830534 -1126736 -1364504 -1617217 -2001949 -1690854 -1689561 198261;
155, -801834 -1100519 -1305347 -1589138 -2030390 -1678288 -1638264 216877;
156, -801834 -1100519 -1305347 -1589138 -2030390 -1678288 -1638264 216877;
157, -820140 -1075594 -1237243 -1535513 -2060020 -1659517 -1588517 231718;
158, -820140 -1075594 -1237243 -1535513 -2060020 -1659517 -1588517 231718;
159, -820140 -1075594 -1237243 -1535513 -2060020 -1659517 -1588517 231718;
160, -772152 -986133 -1216662 -1517880 -2057642 -1655483 -1572125 220962;
161, -772152 -986133 -1216662 -1517880 -2057642 -1655483 -1572125 220962;
162, -781512 -948901 -1110757 -1515036 -2075896 -1660137 -1575641 225150;
163, -781512 -948901 -1110757 -1515036 -2075896 -1660137 -1575641 225150;
164, -760724 -927079 -1106000 -1537478 -2082618 -1667997 -1573935 224530;
165, -760724 -927079 -1106000 -1537478 -2082618 -1667997 -1573935 224530;
166, -711598 -894501 -1130252 -1570935 -2085204 -1667997 -1561731 216360;
167, -711598 -894501 -1130252 -1570935 -2085204 -1667997 -1561731 216360;
168, -711598 -894501 -1130252 -1570935 -2085204 -1667997 -1561731 216360;
169, -671832 -843462 -1141991 -1589758 -2087117 -1661999 -1559404 208396;
170, -671832 -843462 -1141991 -1589758 -2087117 -1661999 -1559404 208396;
171, -637600 -760621 -1172500 -1620423 -2084273 -1643797 -1554078 202139;
172, -637600 -760621 -1172500 -1620423 -2084273 -1643797 -1554078 202139;
173, -625913 -697791 -1176741 -1642659 -2076309 -1614166 -1546424 194072;
174, -625913 -697791 -1176741 -1642659 -2076309 -1614166 -1546424 194072;
175, -615829 -643753 -1168312 -1660603 -2066381 -1589655 -1539030 186832;
176, -615829 -643753 -1168312 -1660603 -2066381 -1589655 -1539030 186832;
177, -615829 -643753 -1168312 -1660603 -2066381 -1589655 -1539030 186832;
178, -600574 -594731 -1160866 -1682011 -2058107 -1579468 -1541667 188849;
179, -600574 -594731 -1160866 -1682011 -2058107 -1579468 -1541667 188849;
180, -563084 -551811 -1151092 -1697628 -2054487 -1553044 -1536858 176904;
181, -563084 -551811 -1151092 -1697628 -2054487 -1553044 -1536858 176904;
182, -513027 -501961 -1118100 -1712728 -2034940 -1534686 -1526361 168682;
183, -513027 -501961 -1118100 -1712728 -2034940 -1534686 -1526361 168682;
184, -464522 -442028 -1046842 -1718106 -2016738 -1504487 -1513381 157098;
185, -464522 -442028 -1046842 -1718106 -2016738 -1504487 -1513381 157098;
186, -464522 -442028 -1046842 -1718106 -2016738 -1504487 -1513381 157098;
187, -427859 -394919 -949729 -1718830 -1986228 -1437572 -1496368 149394;
188, -427859 -394919 -949729 -1718830 -1986228 -1437572 -1496368 149394;
189, -415138 -394195 -803024 -1701041 -1948841 -1389688 -1488559 144326;
190, -415138 -394195 -803024 -1701041 -1948841 -1389688 -1488559 144326;
191, -426049 -418965 -689983 -1648916 -1923296 -1406494 -1481372 141534;
192, -426049 -418965 -689983 -1648916 -1923296 -1406494 -1481372 141534;
193, -434064 -420257 -575081 -1555991 -1897595 -1438710 -1473822 142723;
194, -434064 -420257 -575081 -1555991 -1897595 -1438710 -1473822 142723;
195, -434064 -420257 -575081 -1555991 -1897595 -1438710 -1473822 142723;
196, -439442 -360582 -476105 -1372933 -1875928 -1486233 -1471340 143705;
197, -439442 -360582 -476105 -1372933 -1875928 -1486233 -1471340 143705;
198, -446785 -297960 -399780 -1125960 -1870189 -1515863 -1471650 140396;
199, -446785 -297960 -399780 -1125960 -1870189 -1515863 -1471650 140396;
200, -454232 -248576 -371545 -776031 -1919211 -1517104 -1469944 137707;
201, -454232 -248576 -371545 -776031 -1919211 -1517104 -1469944 137707;
202, -461316 -219618 -447406 -461937 -1880324 -1516432 -1443467 153427;
203, -461316 -219618 -447406 -461937 -1880324 -1516432 -1443467 153427;
204, -461316 -219618 -447406 -461937 -1880324 -1516432 -1443467 153427;
205, -462816 -191125 -368029 -273966 -1606565 -1428781 -1424955 173853;
206, -462816 -191125 -368029 -273966 -1606565 -1428781 -1424955 173853;
207, -461678 -167286 -313267 -226754 -1218420 -1245724 -1399668 184402;
208, -461678 -167286 -313267 -226754 -1218420 -1245724 -1399668 184402;
209, -461885 -164959 -321385 -221014 -927958 -1018246 -1382655 183988;
210, -461885 -164959 -321385 -221014 -927958 -1018246 -1382655 183988;
211, -461885 -164959 -321385 -221014 -927958 -1018246 -1382655 183988;
212, -460644 -170492 -354584 -233890 -828672 -807988 -1309483 236010;
213, -460644 -170492 -354584 -233890 -828672 -807988 -1309483 236010;
214, -456869 -179542 -431841 -313577 -790199 -521094 -1197787 322523;
215, -456869 -179542 -431841 -313577 -790199 -521094 -1197787 322523;
216, -447871 -210723 -471451 -328263 -707875 -442596 -1185687 316886;
217, -447871 -210723 -471451 -328263 -707875 -442596 -1185687 316886;
218, -449733 -192883 -446475 -320455 -629739 -421602 -1098450 306079;
219, -449733 -192883 -446475 -320455 -629739 -421602 -1098450 306079;
220, -449733 -192883 -446475 -320455 -629739 -421602 -1098450 306079;
221, -453870 -178818 -445699 -304269 -581803 -217497 -732541 565462;
222, -453870 -178818 -445699 -304269 -581803 -217497 -732541 565462;
223, -461937 -184920 -414776 -278206 -530764 -156737 -578442 786114;
224, -461937 -184920 -414776 -278206 -530764 -156737 -578442 786114;
225, -462402 -177059 -419223 -299977 -525748 -166459 -568358 769514;
226, -462402 -177059 -419223 -299977 -525748 -166459 -568358 769514;
227, -451646 -152600 -443579 -344242 -540486 -170906 -454801 1066492;
228, -451646 -152600 -443579 -344242 -540486 -170906 -454801 1066492;
229, -451646 -152600 -443579 -344242 -540486 -170906 -454801 1066492;
230, -437115 -200692 -511217 -399056 -570272 -168268 -362754 1184032;
231, -437115 -200692 -511217 -399056 -570272 -168268 -362754 1184032;
232, -471968 -249765 -514579 -387110 -573736 -171526 -341139 1203837;
233, -471968 -249765 -514579 -387110 -573736 -171526 -341139 1203837;
234, -464677 -249455 -545140 -426256 -601143 -164856 -313991 1229900;
235, -464677 -249455 -545140 -426256 -601143 -164856 -313991 1229900;
236, -463643 -300391 -601246 -459403 -643546 -163821 -279034 1264805;
237, -463643 -300391 -601246 -459403 -643546 -163821 -279034 1264805;
238, -463643 -300391 -601246 -459403 -643546 -163821 -279034 1264805;
239, -515354 -351171 -613399 -457696 -650786 -168062 -253127 1290040;
240, -515354 -351171 -613399 -457696 -650786 -168062 -253127 1290040;
241, -549277 -371494 -636410 -468711 -676797 -168372 -217135 1316671;
242, -549277 -371494 -636410 -468711 -676797 -168372 -217135 1316671;
243, -551035 -395229 -648356 -472227 -702859 -161908 -149859 1359229;
244, -551035 -395229 -648356 -472227 -702859 -161908 -149859 1359229;
245, -578546 -433702 -689983 -501082 -744332 -164080 -118884 1383637;
246, -578546 -433702 -689983 -501082 -744332 -164080 -118884 1383637;
247, -578546 -433702 -689983 -501082 -744332 -164080 -118884 1383637;
248, -590336 -466435 -730318 -538573 -774893 -168010 -118057 1400443;
249, -590336 -466435 -730318 -538573 -774893 -168010 -118057 1400443;
250, -609469 -464677 -702239 -526317 -741436 -195107 -117747 1427747;
251, -609469 -464677 -702239 -526317 -741436 -195107 -117747 1427747;
252, -604091 -415500 -633101 -476054 -712322 -182748 -114954 1424799;
253, -604091 -415500 -633101 -476054 -712322 -182748 -114954 1424799;
254, -501754 -368649 -609882 -440321 -666403 -23115 -103112 1425989;
255, -501754 -368649 -609882 -440321 -666403 -23115 -103112 1425989;
256, -501754 -368649 -609882 -440321 -666403 -23115 -103112 1425989;
257, -499013 -372114 -607142 -397298 -508632 269002 39662 1479251;
258, -499013 -372114 -607142 -397298 -508632 269002 39662 1479251;
259, -484534 -327694 -506512 -261763 -243353 475123 127106 1531014;
260, -484534 -327694 -506512 -261763 -243353 475123 127106 1531014;
261, -487327 -255919 -428169 -201002 -181403 512975 167751 1604237;
262, -487327 -255919 -428169 -201002 -181403 512975 167751 1604237;
263, -491102 -237717 -404485 -143499 -67328 642357 220238 1668566;
264, -491102 -237717 -404485 -143499 -67328 642357 220238 1668566;
265, -491102 -237717 -404485 -143499 -67328 642357 220238 1668566;
266, -494049 -245060 -430031 -41886 112782 784045 239681 1697162;
267, -494049 -245060 -430031 -41886 112782 784045 239681 1697162;
268, -502530 -223599 -331056 203018 323919 863629 153375 1673324;
269, -502530 -223599 -331056 203018 323919 863629 153375 1673324;
270, -492756 -183730 -185799 398745 459506 928268 139724 1677874;
271, -492756 -183730 -185799 398745 459506 928268 139724 1677874;
272, -502892 -195313 -123073 450612 504081 980652 231666 1756062;
273, -502892 -195313 -123073 450612 504081 980652 231666 1756062;
274, -502892 -195313 -123073 450612 504081 980652 231666 1756062;
275, -513699 -207156 -125555 461678 602798 1116859 490946 1973093;
276, -513699 -207156 -125555 461678 602798 1116859 490946 1973093;
277, -529213 -232132 -112214 586509 756949 1163347 516595 1977747;
278, -529213 -232132 -112214 586509 756949 1163347 516595 1977747;
279, -524507 -231408 -12876 742935 844961 1228503 494462 1972007;
280, -524507 -231408 -12876 742935 844961 1228503 494462 1972007;
281, -539503 -217653 73016 847702 871179 1267442 507700 1963579;
282, -539503 -217653 73016 847702 871179 1267442 507700 1963579;
283, -539503 -217653 73016 847702 871179 1267442 507700 1963579;
284, -549742 -192314 160460 946626 914203 1284869 516285 1962958;
285, -549742 -192314 160460 946626 914203 1284869 516285 1962958;
286, -550466 -121987 275672 1041257 958157 1317188 396883 1910936;
287, -550466 -121987 275672 1041257 958157 1317188 396883 1910936;
288, -547829 -48402 363426 1113756 1045756 1351628 338915 1865896;
289, -547829 -48402 363426 1113756 1045756 1351628 338915 1865896;
290, -541727 16651 449526 1175913 1108637 1359591 311250 1823389;
291, -541727 16651 449526 1175913 1108637 1359591 311250 1823389;
292, -541727 16651 449526 1175913 1108637 1359591 311250 1823389;
293, -502944 113920 526834 1224625 1204044 1360264 283946 1786571;
294, -502944 113920 526834 1224625 1204044 1360264 283946 1786571;
295, -474347 191952 600522 1264339 1269872 1365848 230374 1712676;
296, -474347 191952 600522 1264339 1269872 1365848 230374 1712676;
297, -411311 299666 659680 1270751 1305553 1399047 135173 1603617;
298, -411311 299666 659680 1270751 1305553 1399047 135173 1603617;
299, -355722 395125 739574 1279284 1325927 1403805 82738 1499212;
300, -355722 395125 739574 1279284 1325927 1403805 82738 1499212;
301, -355722 395125 739574 1279284 1325927 1403805 82738 1499212;
302, -305717 498496 810573 1290557 1342785 1401839 55176 1433745;
303, -305717 498496 810573 1290557 1342785 1401839 55176 1433745;
304, -258866 591266 869938 1303433 1352921 1388291 36715 1430746;
305, -258866 591266 869938 1303433 1352921 1388291 36715 1430746;
306, -195417 688587 908773 1337563 1369830 1381207 19029 1407269;
307, -195417 688587 908773 1337563 1369830 1381207 19029 1407269;
308, -132846 764033 948177 1384154 1386378 1378828 9360 1396151;
309, -132846 764033 948177 1384154 1386378 1378828 9360 1396151;
310, -132846 764033 948177 1384154 1386378 1378828 9360 1396151;
311, -74154 825156 977652 1413423 1390929 1376811 -16651 1357937;
312, -74154 825156 977652 1413423 1390929 1376811 -16651 1357937;
313, 5378 871179 968706 1458618 1395117 1378259 -29372 1339165;
314, 5378 871179 968706 1458618 1395117 1378259 -29372 1339165;
315, 80307 905205 969534 1489335 1394910 1375674 -39456 1333115;
316, 80307 905205 969534 1489335 1394910 1375674 -39456 1333115;
317, 80307 905205 969534 1489335 1394910 1375674 -39456 1333115;
318, 139672 968034 987064 1528894 1398168 1371847 -54400 1318843;
319, 139672 968034 987064 1528894 1398168 1371847 -54400 1318843;
320, 202087 1037430 1008886 1552422 1403132 1366107 -68466 1307932;
321, 202087 1037430 1008886 1552422 1403132 1366107 -68466 1307932;
322, 244542 1082833 1019745 1558266 1401995 1362694 -72447 1305346;
323, 244542 1082833 1019745 1558266 1401995 1362694 -72447 1305346;
324, 285653 1109516 1018349 1562144 1399978 1360574 -75033 1303175;
325, 285653 1109516 1018349 1562144 1399978 1360574 -75033 1303175;
326, 285653 1109516 1018349 1562144 1399978 1360574 -75033 1303175;
327, 331624 1135216 1012351 1568091 1401477 1361608 -76688 1302244;
328, 331624 1135216 1012351 1568091 1401477 1361608 -76688 1302244;
329, 379043 1162934 1020211 1569643 1399668 1332029 -77670 1300641;
330, 379043 1162934 1020211 1569643 1399668 1332029 -77670 1300641;
331, 426100 1209318 1053668 1564523 1400547 1319050 -77257 1300744;
332, 426100 1209318 1053668 1564523 1400547 1319050 -77257 1300744;
333, 479415 1275871 1135320 1534324 1389946 1305450 -80721 1304519;
334, 479415 1275871 1135320 1534324 1389946 1305450 -80721 1304519;
335, 479415 1275871 1135320 1534324 1389946 1305450 -80721 1304519;
336, 513647 1357937 1278301 1460377 1307570 1361350 31492 1305915;
337, 513647 1357937 1278301 1460377 1307570 1361350 31492 1305915;
338, 443941 1347439 1318171 1435607 1187910 1335287 142309 1310311;
339, 443941 1347439 1318171 1435607 1187910 1335287 142309 1310311;
340, 351429 1300537 1336632 1431780 1156470 1318739 204466 1348422;
341, 351429 1300537 1336632 1431780 1156470 1318739 204466 1348422;
342, 265279 1230417 1333839 1456498 1146955 1260978 194848 1399513;
343, 265279 1230417 1333839 1456498 1146955 1260978 194848 1399513;
344, 265279 1230417 1333839 1456498 1146955 1260978 194848 1399513;
345, 204569 1169811 1337045 1531273 1127460 1232330 168889 1466013;
346, 204569 1169811 1337045 1531273 1127460 1232330 168889 1466013;
347, 134087 1115980 1348318 1641262 1026519 1200683 178662 1577037;
348, 134087 1115980 1348318 1641262 1026519 1200683 178662 1577037;
349, 75136 1058270 1348991 1680511 1029157 1186255 210206 1595601;
350, 75136 1058270 1348991 1680511 1029157 1186255 210206 1595601;
351, 5326 977445 1337718 1707505 1016539 1166657 227581 1605944;
352, 5326 977445 1337718 1707505 1016539 1166657 227581 1605944;
353, 5326 977445 1337718 1707505 1016539 1166657 227581 1605944;
354, -88788 843048 1300744 1728861 974653 1127511 239836 1618872;
355, -88788 843048 1300744 1728861 974653 1127511 239836 1618872;
356, -151411 725302 1239673 1738945 961622 1106568 235183 1623629;
357, -151411 725302 1239673 1738945 961622 1106568 235183 1623629;
358, -216567 593024 1139974 1738945 976980 1095657 250696 1634798;
359, -216567 593024 1139974 1738945 976980 1095657 250696 1634798;
360, -289014 441200 1005835 1729275 983754 1120892 266002 1656414;
361, -289014 441200 1005835 1729275 983754 1120892 266002 1656414;
362, -289014 441200 1005835 1729275 983754 1120892 266002 1656414;
363, -358618 295891 864663 1704143 1034897 1141577 288031 1671979;
364, -358618 295891 864663 1704143 1034897 1141577 288031 1671979;
365, -410949 186264 742159 1673427 1070319 1167639 295426 1684700;
366, -410949 186264 742159 1673427 1070319 1167639 295426 1684700;
367, -463384 90701 618156 1622181 1143077 1222970 346362 1712521;
368, -463384 90701 618156 1622181 1143077 1222970 346362 1712521;
369, -517164 -5533 464677 1520310 1230106 1233468 392953 1721105;
370, -517164 -5533 464677 1520310 1230106 1233468 392953 1721105;
371, -517164 -5533 464677 1520310 1230106 1233468 392953 1721105;
372, -578649 -118936 282447 1358454 1315223 1301934 422015 1756941;
373, -578649 -118936 282447 1358454 1315223 1301934 422015 1756941;
374, -656836 -222358 95459 1130201 1319205 1439847 449008 1790553;
375, -656836 -222358 95459 1130201 1319205 1439847 449008 1790553;
376, -738333 -307734 -50005 888450 1202855 1626473 589508 1820545;
377, -738333 -307734 -50005 888450 1202855 1626473 589508 1820545;
378, -826759 -373665 -156427 672246 1070681 1603100 612519 1822872;
379, -826759 -373665 -156427 672246 1070681 1603100 612519 1822872;
380, -826759 -373665 -156427 672246 1070681 1603100 612519 1822872;
381, -851736 -423515 -270450 446578 895535 1542080 615364 1826595;
382, -851736 -423515 -270450 446578 895535 1542080 615364 1826595;
383, -883279 -494463 -361875 286842 777220 1524757 595300 1830836;
384, -883279 -494463 -361875 286842 777220 1524757 595300 1830836;
385, -922270 -571358 -430341 153013 641685 1503762 573891 1845625;
386, -922270 -571358 -430341 153013 641685 1503762 573891 1845625;
387, -971137 -651200 -503512 21098 472951 1438865 584543 1857209;
388, -971137 -651200 -503512 21098 472951 1438865 584543 1857209;
389, -971137 -651200 -503512 21098 472951 1438865 584543 1857209;
390, -1038310 -823088 -584130 -132019 249041 1253273 638478 1867396;
391, -1038310 -823088 -584130 -132019 249041 1253273 638478 1867396;
392, -1049583 -905205 -604194 -221686 75446 1004077 424032 1868481;
393, -1049583 -905205 -604194 -221686 75446 1004077 424032 1868481;
394, -1069854 -1006507 -701825 -295944 -74102 727939 251006 1865224;
395, -1069854 -1006507 -701825 -295944 -74102 727939 251006 1865224;
396, -1034638 -977653 -741539 -452680 -337726 447767 103474 1868378;
397, -1034638 -977653 -741539 -452680 -337726 447767 103474 1868378;
398, -1034638 -977653 -741539 -452680 -337726 447767 103474 1868378;
399, -1001285 -960743 -910531 -633566 -542296 276707 7343 1818270;
400, -1001285 -960743 -910531 -633566 -542296 276707 7343 1818270;
401, -1006456 -999320 -1125547 -785442 -661542 176852 -352826 1108171;
402, -1006456 -999320 -1125547 -785442 -661542 176852 -352826 1108171;
403, -893777 -915754 -1017677 -782443 -889175 -321903 -1140233 339381;
404, -893777 -915754 -1017677 -782443 -889175 -321903 -1140233 339381;
405, -631756 -686518 -1048549 -953348 -1008938 -605901 -1327479 159581;
406, -631756 -686518 -1048549 -953348 -1008938 -605901 -1327479 159581;
407, -631756 -686518 -1048549 -953348 -1008938 -605901 -1327479 159581;
408, -481690 -515716 -988460 -1014212 -998337 -603987 -1239053 160718;
409, -481690 -515716 -988460 -1014212 -998337 -603987 -1239053 160718;
410, -460799 -431220 -813314 -830120 -937783 -573891 -1171776 184971;
411, -460799 -431220 -813314 -830120 -937783 -573891 -1171776 184971;
412, -441459 -241595 -485051 -379406 -601608 -234718 -794233 727215;
413, -441459 -241595 -485051 -379406 -601608 -234718 -794233 727215;
414, -335813 62053 -112420 34595 -194951 241802 -294237 1231761;
415, -335813 62053 -112420 34595 -194951 241802 -294237 1231761;
416, -335813 62053 -112420 34595 -194951 241802 -294237 1231761;
417, -280275 89926 -72292 143188 -80773 315231 -270760 1239466;
418, -280275 89926 -72292 143188 -80773 315231 -270760 1239466;
419, -253747 123434 24201 253798 16030 410018 -210775 1263408;
420, -253747 123434 24201 253798 16030 410018 -210775 1263408;
421, -254523 152651 22443 243301 16703 399779 -190815 1259582;
422, -254523 152651 22443 243301 16703 399779 -190815 1259582;
423, -254523 152651 22443 243301 16703 399779 -190815 1259582;
424, -407278 -80101 -48764 188953 38266 442389 -137862 1289626;
425, -407278 -80101 -48764 188953 38266 442389 -137862 1289626;
426, -569392 -300132 -436133 30716 -115109 371597 -172871 1295780;
427, -569392 -300132 -436133 30716 -115109 371597 -172871 1295780;
428, -700274 -500099 -575184 -223703 -279189 287928 -207724 1291281;
429, -700274 -500099 -575184 -223703 -279189 287928 -207724 1291281;
430, -755501 -628705 -675762 -449991 -406813 188591 -287670 1258961;
431, -755501 -628705 -675762 -449991 -406813 188591 -287670 1258961;
432, -796250 -705083 -841290 -573426 -558637 38111 -392230 1192461;
433, -796250 -705083 -841290 -573426 -558637 38111 -392230 1192461;
434, -796250 -705083 -841290 -573426 -558637 38111 -392230 1192461;
435, -801317 -726543 -899362 -575081 -575546 28648 -398022 1193909;
436, -801317 -726543 -899362 -575081 -575546 28648 -398022 1193909;
437, -806333 -734662 -953969 -612778 -709271 -79687 -551656 1047514;
438, -806333 -734662 -953969 -612778 -709271 -79687 -551656 1047514;
439, -826501 -782443 -1032363 -681347 -963587 -405882 -982669 572598;
440, -826501 -782443 -1032363 -681347 -963587 -405882 -982669 572598;
441, -826501 -782443 -1032363 -681347 -963587 -405882 -982669 572598;
442, -757725 -741281 -1039913 -834516 -955572 -573012 -1114377 400865;
443, -757725 -741281 -1039913 -834516 -955572 -573012 -1114377 400865;
444, -758552 -723389 -1046067 -948539 -1013126 -634600 -1265426 268484;
445, -758552 -723389 -1046067 -948539 -1013126 -634600 -1265426 268484;
446, -495135 -393885 -680158 -650320 -837050 -549070 -1136613 312284;
447, -495135 -393885 -680158 -650320 -837050 -549070 -1136613 312284;
448, -317921 26062 -165580 -5999 -224323 125658 -454077 1037068;
449, -317921 26062 -165580 -5999 -224323 125658 -454077 1037068;
450, -317921 26062 -165580 -5999 -224323 125658 -454077 1037068;
451, -245990 114489 -36560 145153 -123228 213102 -431117 1068147;
452, -245990 114489 -36560 145153 -123228 213102 -431117 1068147;
453, -245111 109938 -29320 163562 -109680 218376 -388248 1070215;
454, -245111 109938 -29320 163562 -109680 218376 -388248 1070215;
455, -246663 109421 -31854 164441 -104922 221944 -389954 1072439;
456, -246663 109421 -31854 164441 -104922 221944 -389954 1072439;
457, -245628 109369 -31440 165010 -98717 224840 -386076 1072697;
458, -245628 109369 -31440 165010 -98717 224840 -386076 1072697;
459, -245628 109369 -31440 165010 -98717 224840 -386076 1072697;
460, -244853 115729 -33975 162166 -95459 226598 -385818 1072956;
461, -244853 115729 -33975 162166 -95459 226598 -385818 1072956;
462, -243870 117539 -31440 163511 -89461 228770 -374700 1071973;
463, -243870 117539 -31440 163511 -89461 228770 -374700 1071973;
464, -253592 79325 12772 186936 -41576 292168 -290204 1128235;
465, -253592 79325 12772 186936 -41576 292168 -290204 1128235;
466, -303700 51556 -94218 192831 362 381319 -234459 1210042;
467, -303700 51556 -94218 192831 362 381319 -234459 1210042;
468, -303700 51556 -94218 192831 362 381319 -234459 1210042;
469, -367667 -11118 46643 335450 70224 354170 -220445 1235588;
470, -367667 -11118 46643 335450 70224 354170 -220445 1235588;
471, -441045 132898 340777 557809 49643 263262 -291858 1165261;
472, -441045 132898 340777 557809 49643 263262 -291858 1165261;
473, -263004 614950 595558 586302 49798 237561 -396522 919374;
474, -263004 614950 595558 586302 49798 237561 -396522 919374;
475, -10342 793612 417154 519853 86099 236113 -512975 933284;
476, -10342 793612 417154 519853 86099 236113 -512975 933284;
477, -10342 793612 417154 519853 86099 236113 -512975 933284;
478, 125193 891863 379560 211344 -2172 267760 -401900 1077972;
479, 125193 891863 379560 211344 -2172 267760 -401900 1077972;
480, -14221 722147 189935 176956 -29682 319937 -313474 1156987;
481, -14221 722147 189935 176956 -29682 319937 -313474 1156987;
482, -388868 332762 77360 192314 -9567 400865 -207311 1269097;
483, -388868 332762 77360 192314 -9567 400865 -207311 1269097;
484, -682071 -138793 -77412 228822 7860 409915 -207311 1272199;
485, -682071 -138793 -77412 228822 7860 409915 -207311 1272199;
486, -682071 -138793 -77412 228822 7860 409915 -207311 1272199;
487, -721424 -399883 -324023 259538 33353 432668 -185850 1282025;
488, -721424 -399883 -324023 259538 33353 432668 -185850 1282025;
489, -983444 -659784 -553620 196968 30199 446888 -151152 1335856;
490, -983444 -659784 -553620 196968 30199 446888 -151152 1335856;
491, -1061580 -778926 -563342 31595 -77567 419016 -152910 1331512;
492, -1061580 -778926 -563342 31595 -77567 419016 -152910 1331512;
493, -1142043 -873248 -623586 -147119 -173957 380801 -162218 1365280;
494, -1142043 -873248 -623586 -147119 -173957 380801 -162218 1365280;
495, -1142043 -873248 -623586 -147119 -173957 380801 -162218 1365280;
496, -918753 -854787 -781926 -679848 -654251 -82480 -656060 867197;
497, -918753 -854787 -781926 -679848 -654251 -82480 -656060 867197;
498, -811970 -795888 -1127460 -985978 -979669 -576218 -1171880 416947;
499, -811970 -795888 -1127460 -985978 -979669 -576218 -1171880 416947;
500, -771170 -782908 -1119652 -1094675 -1077404 -623120 -1193495 411466;
501, -771170 -782908 -1119652 -1094675 -1077404 -623120 -1193495 411466;
502, -785856 -786476 -1116756 -1122134 -1086195 -622448 -1188014 409811;
503, -785856 -786476 -1116756 -1122134 -1086195 -622448 -1188014 409811;
504, -785856 -786476 -1116756 -1122134 -1086195 -622448 -1188014 409811;
505, -789786 -785028 -1119703 -1140491 -1092917 -621621 -1184859 409243;
506, -789786 -785028 -1119703 -1140491 -1092917 -621621 -1184859 409243;
507, -787769 -782650 -1110705 -1136458 -1097881 -622241 -1183153 408415;
508, -787769 -782650 -1110705 -1136458 -1097881 -622241 -1183153 408415;
509, -778668 -767653 -1100726 -1145093 -1093434 -621931 -1181705 407898;
510, -778668 -767653 -1100726 -1145093 -1093434 -621931 -1181705 407898;
511, -777220 -766516 -1102173 -1148455 -1092658 -619449 -1178344 407277;
512, -777220 -766516 -1102173 -1148455 -1092658 -619449 -1178344 407277;
513, -777220 -766516 -1102173 -1148455 -1092658 -619449 -1178344 407277;
514, -769101 -754984 -1097829 -1150782 -1092452 -619863 -1177206 405364;
515, -769101 -754984 -1097829 -1150782 -1092452 -619863 -1177206 405364;
516, -762172 -730421 -1075025 -1149437 -1090331 -618208 -1174828 406140;
517, -762172 -730421 -1075025 -1149437 -1090331 -618208 -1174828 406140;
518, -770498 -737661 -1077300 -1147990 -1088832 -616191 -1172087 405571;
519, -770498 -737661 -1077300 -1147990 -1088832 -616191 -1172087 405571;
520, -768636 -731766 -1067889 -1144680 -1084488 -616708 -1170329 404950;
521, -768636 -731766 -1067889 -1144680 -1084488 -616708 -1170329 404950;
522, -768636 -731766 -1067889 -1144680 -1084488 -616708 -1170329 404950;
523, -770291 -720338 -1044981 -1137595 -1078903 -613451 -1165468 404330;
524, -770291 -720338 -1044981 -1137595 -1078903 -613451 -1165468 404330;
525, -766981 -714132 -1052013 -1148920 -1079782 -609210 -1161072 405209;
526, -766981 -714132 -1052013 -1148920 -1079782 -609210 -1161072 405209;
527, -761189 -719820 -1059925 -1156108 -1083143 -607659 -1158590 405467;
528, -761189 -719820 -1059925 -1156108 -1083143 -607659 -1158590 405467;
529, -761189 -719820 -1059925 -1156108 -1083143 -607659 -1158590 405467;
530, -749399 -717287 -1064217 -1147627 -1084074 -611227 -1152643 401382;
531, -749399 -717287 -1064217 -1147627 -1084074 -611227 -1152643 401382;
532, -659318 -693293 -933129 -1068509 -1052582 -606831 -1147007 386438;
533, -659318 -693293 -933129 -1068509 -1052582 -606831 -1147007 386438;
534, -710254 -695723 -790975 -981738 -1018608 -599230 -1134131 379664;
535, -710254 -695723 -790975 -981738 -1018608 -599230 -1134131 379664;
536, -623896 -775513 -742005 -919115 -995338 -584596 -1122341 381060;
537, -623896 -775513 -742005 -919115 -995338 -584596 -1122341 381060;
538, -349672 -880074 -705238 -943006 -995441 -588008 -1122909 375682;
539, -349672 -880074 -705238 -943006 -995441 -588008 -1122909 375682;
540, -349672 -880074 -705238 -943006 -995441 -588008 -1122909 375682;
541, -94270 -510545 -708651 -944092 -1008110 -586612 -1127770 375682;
542, -94270 -510545 -708651 -944092 -1008110 -586612 -1127770 375682;
543, 24511 -27976 -633359 -951383 -1012506 -589922 -1130821 375010;
544, 24511 -27976 -633359 -951383 -1012506 -589922 -1130821 375010;
545, 67741 137293 -556982 -960898 -1014264 -592559 -1133459 375268;
546, 67741 137293 -556982 -960898 -1014264 -592559 -1133459 375268;
547, 67741 137293 -556982 -960898 -1014264 -592559 -1133459 375268;
548, 104870 275569 -477708 -969638 -1013126 -595300 -1134027 375837;
549, 104870 275569 -477708 -969638 -1013126 -595300 -1134027 375837;
550, 145412 405881 -427600 -976153 -1013643 -595869 -1134234 377388;
551, 145412 405881 -427600 -976153 -1013643 -595869 -1134234 377388;
552, 172870 458730 -415345 -976877 -1014988 -596955 -1134855 376561;
553, 172870 458730 -415345 -976877 -1014988 -596955 -1134855 376561;
554, 176439 457593 -406140 -978221 -1015919 -597368 -1134648 376509;
555, 176439 457593 -406140 -978221 -1015919 -597368 -1134648 376509;
556, 176439 457593 -406140 -978221 -1015919 -597368 -1134648 376509;
557, 175922 473468 -408002 -979928 -1016177 -597265 -1134803 377802;
558, 175922 473468 -408002 -979928 -1016177 -597265 -1134803 377802;
559, 177369 492498 -402520 -980135 -1016539 -597161 -1134545 378888;
560, 177369 492498 -402520 -980135 -1016539 -597161 -1134545 378888;
561, 176232 499582 -398746 -976877 -1015040 -598868 -1134389 375061;
562, 176232 499582 -398746 -976877 -1015040 -598868 -1134389 375061;
563, 163821 387731 -347034 -874851 -1001233 -593283 -1134183 368959;
564, 163821 387731 -347034 -874851 -1001233 -593283 -1134183 368959;
565, 163821 387731 -347034 -874851 -1001233 -593283 -1134183 368959;
566, 126124 277896 -274070 -701877 -885038 -521456 -1107086 393160;
567, 126124 277896 -274070 -701877 -885038 -521456 -1107086 393160;
568, 54555 94114 -241440 -348637 -591990 -178301 -691845 923304;
569, 54555 94114 -241440 -348637 -591990 -178301 -691845 923304;
570, -325988 23322 108697 240457 66656 474967 -86978 1434883;
571, -325988 23322 108697 240457 66656 474967 -86978 1434883;
572, -525334 -15307 27458 229391 89667 517474 -57606 1449310;
573, -525334 -15307 27458 229391 89667 517474 -57606 1449310;
574, -525334 -15307 27458 229391 89667 517474 -57606 1449310;
575, -640599 -236941 -37232 361306 282395 565979 -43955 1449414;
576, -640599 -236941 -37232 361306 282395 565979 -43955 1449414;
577, -671057 -361565 -16548 600160 501340 577821 -132226 1276543;
578, -671057 -361565 -16548 600160 501340 577821 -132226 1276543;
579, -781615 -450819 -19806 712374 571978 543330 -116609 1313310;
580, -781615 -450819 -19806 712374 571978 543330 -116609 1313310;
581, -782288 -463488 -19702 736316 567789 504288 -94528 1338028;
582, -782288 -463488 -19702 736316 567789 504288 -94528 1338028;
583, -782288 -463488 -19702 736316 567789 504288 -94528 1338028;
584, -779857 -464884 -17478 758810 559050 507907 -88685 1344595;
585, -779857 -464884 -17478 758810 559050 507907 -88685 1344595;
586, -768688 -464522 -15876 775668 569392 492136 -85427 1344026;
587, -768688 -464522 -15876 775668 569392 492136 -85427 1344026;
588, -750072 -460799 -12980 786424 572185 474088 -86875 1342165;
589, -750072 -460799 -12980 786424 572185 474088 -86875 1342165;
590, -741591 -454283 -9773 791906 568823 476519 -88892 1338959;
591, -741591 -454283 -9773 791906 568823 476519 -88892 1338959;
592, -741591 -454283 -9773 791906 568823 476519 -88892 1338959;
593, -740505 -453456 -11790 802920 568151 469590 -89357 1338390;
594, -740505 -453456 -11790 802920 568151 469590 -89357 1338390;
595, -736110 -453870 -9256 815072 564531 453249 -88116 1335856;
596, -736110 -453870 -9256 815072 564531 453249 -88116 1335856;
597, -715322 -438460 -7757 818589 567686 441562 -93546 1325565;
598, -715322 -438460 -7757 818589 567686 441562 -93546 1325565;
599, -699653 -373097 15462 950297 565824 388506 -152859 1201924;
600, -699653 -373097 15462 950297 565824 388506 -152859 1201924;
601, -699653 -373097 15462 950297 565824 388506 -152859 1201924;
602, -640392 -69810 271898 1085263 434943 371804 -667230 699446;
603, -640392 -69810 271898 1085263 434943 371804 -667230 699446;
604, -245784 265847 200846 812900 214498 102905 -928113 517009;
605, -245784 265847 200846 812900 214498 102905 -928113 517009;
606, -60502 325160 173026 371648 145257 -3723 -1201769 169664;
607, -60502 325160 173026 371648 145257 -3723 -1201769 169664;
608, -44834 136000 -172923 67483 -97269 338140 -86616 1637022;
609, -44834 136000 -172923 67483 -97269 338140 -86616 1637022;
610, -44834 136000 -172923 67483 -97269 338140 -86616 1637022;
611, -405675 -162684 -329349 -78291 -263314 404020 -76119 1521448;
612, -405675 -162684 -329349 -78291 -263314 404020 -76119 1521448;
613, -366116 -149032 -342380 -129020 -313784 130829 -112007 1450965;
614, -366116 -149032 -342380 -129020 -313784 130829 -112007 1450965;
615, -376354 -141327 -343932 -148980 -353291 85427 -287825 1350904;
616, -376354 -141327 -343932 -148980 -353291 85427 -287825 1350904;
617, -371649 -189625 -415396 -214343 -412294 82169 -301839 1283421;
618, -371649 -189625 -415396 -214343 -412294 82169 -301839 1283421;
619, -371649 -189625 -415396 -214343 -412294 82169 -301839 1283421;
620, -433909 -167079 -322885 -89512 -280378 195055 -354998 1231658;
621, -433909 -167079 -322885 -89512 -280378 195055 -354998 1231658;
622, -456248 -177163 -240768 42817 -122866 327022 -313163 1266098;
623, -456248 -177163 -240768 42817 -122866 327022 -313163 1266098;
624, -465556 -164856 -226547 65673 -113041 351119 -281102 1293453;
625, -465556 -164856 -226547 65673 -113041 351119 -281102 1293453;
626, -460851 -158443 -218997 68362 -116971 345741 -278724 1298831;
627, -460851 -158443 -218997 68362 -116971 345741 -278724 1298831;
628, -460851 -158443 -218997 68362 -116971 345741 -278724 1298831;
629, -459454 -159323 -219721 69603 -117592 343052 -276604 1301468;
630, -459454 -159323 -219721 69603 -117592 343052 -276604 1301468;
631, -458886 -160615 -219876 70482 -118264 341139 -274483 1304312;
632, -458886 -160615 -219876 70482 -118264 341139 -274483 1304312;
633, -458110 -160977 -220600 70637 -118160 340208 -272467 1305294;
634, -458110 -160977 -220600 70637 -118160 340208 -272467 1305294;
635, -458110 -160977 -220600 70637 -118160 340208 -272467 1305294;
636, -457800 -161081 -220497 71155 -118005 339588 -270863 1305656;
637, -457800 -161081 -220497 71155 -118005 339588 -270863 1305656;
638, -457748 -160874 -220807 71775 -118626 338915 -270398 1303175;
639, -457748 -160874 -220807 71775 -118626 338915 -270398 1303175;
640, -457851 -161701 -220549 71879 -118729 338346 -269416 1304881;
641, -457851 -161701 -220549 71879 -118729 338346 -269416 1304881;
642, -457696 -161598 -221790 72654 -118833 337571 -268692 1300227;
643, -457696 -161598 -221790 72654 -118833 337571 -268692 1300227;
644, -458058 -162063 -216877 66811 -125297 323505 -285032 1224522;
645, -458058 -162063 -216877 66811 -125297 323505 -285032 1224522;
646, -458058 -162063 -216877 66811 -125297 323505 -285032 1224522;
647, -426308 -129020 -232287 40852 -146601 258246 -379354 1074301;
648, -426308 -129020 -232287 40852 -146601 258246 -379354 1074301;
649, -410018 -129847 -235286 32940 -171320 177007 -469952 924855;
650, -410018 -129847 -235286 32940 -171320 177007 -469952 924855;
651, -399314 -133001 -240871 -19806 -265899 34439 -596231 937731;
652, -399314 -133001 -240871 -19806 -265899 34439 -596231 937731;
653, -399314 -133001 -240871 -19806 -265899 34439 -596231 937731;
654, -386748 -139310 -241337 -78291 -339226 -64019 -668833 925217;
655, -386748 -139310 -241337 -78291 -339226 -64019 -668833 925217;
656, -382870 -140603 -240768 -122504 -384628 -108077 -679434 924700;
657, -382870 -140603 -240768 -122504 -384628 -108077 -679434 924700;
658, -379767 -136776 -242784 -139207 -408105 -148566 -713357 883021;
659, -379767 -136776 -242784 -139207 -408105 -148566 -713357 883021;
660, -376148 -141637 -248628 -151307 -438408 -194951 -746400 845995;
661, -376148 -141637 -248628 -151307 -438408 -194951 -746400 845995;
662, -376148 -141637 -248628 -151307 -438408 -194951 -746400 845995;
663, -373976 -143654 -255505 -164752 -484017 -251368 -795836 793457;
664, -373976 -143654 -255505 -164752 -484017 -251368 -795836 793457;
665, -372321 -142568 -268382 -193917 -539762 -304217 -840825 744848;
666, -372321 -142568 -268382 -193917 -539762 -304217 -840825 744848;
667, -370149 -139620 -280223 -215274 -582941 -350344 -886434 694585;
668, -370149 -139620 -280223 -215274 -582941 -350344 -886434 694585;
669, -363013 -139000 -287204 -226030 -625706 -395229 -921443 670074;
670, -363013 -139000 -287204 -226030 -625706 -395229 -921443 670074;
671, -363013 -139000 -287204 -226030 -625706 -395229 -921443 670074;
672, -360686 -139931 -314249 -268537 -663248 -408260 -929561 649441;
673, -360686 -139931 -314249 -268537 -663248 -408260 -929561 649441;
674, -350706 -140293 -354791 -290359 -681865 -434323 -958209 621776;
675, -350706 -140293 -354791 -290359 -681865 -434323 -958209 621776;
676, -354170 -139310 -351792 -295685 -696033 -447147 -960691 617070;
677, -354170 -139310 -351792 -295685 -696033 -447147 -960691 617070;
678, -343363 -140189 -351792 -311871 -708134 -452422 -969327 613192;
679, -343363 -140189 -351792 -311871 -708134 -452422 -969327 613192;
680, -343363 -140189 -351792 -311871 -708134 -452422 -969327 613192;
681, -338709 -140086 -366840 -338088 -722303 -451646 -969638 614484;
682, -338709 -140086 -366840 -338088 -722303 -451646 -969638 614484;
683, -328211 -143344 -376354 -354791 -735282 -460023 -972119 604969;
684, -328211 -143344 -376354 -354791 -735282 -460023 -972119 604969;
685, -341811 -141275 -361462 -352464 -750382 -506874 -1026261 583509;
686, -341811 -141275 -361462 -352464 -750382 -506874 -1026261 583509;
687, -369373 -143654 -363944 -358721 -765792 -497307 -1039810 615932;
688, -369373 -143654 -363944 -358721 -765792 -497307 -1039810 615932;
689, -369373 -143654 -363944 -358721 -765792 -497307 -1039810 615932;
690, -372683 -146498 -388868 -386593 -780012 -501030 -1039344 790820;
691, -372683 -146498 -388868 -386593 -780012 -501030 -1039344 790820;
692, -398642 -146808 -373976 -393006 -819778 -502168 -1073991 918960;
693, -398642 -146808 -373976 -393006 -819778 -502168 -1073991 918960;
694, -401383 -154772 -404951 -431065 -801472 -424808 -1051600 1006921;
695, -401383 -154772 -404951 -431065 -801472 -424808 -1051600 1006921;
696, -406502 -162270 -419689 -441045 -770084 -404382 -1005473 1096226;
697, -406502 -162270 -419689 -441045 -770084 -404382 -1005473 1096226;
698, -406502 -162270 -419689 -441045 -770084 -404382 -1005473 1096226;
699, -408157 -177370 -458420 -465091 -761189 -400917 -1004853 1122702;
700, -408157 -177370 -458420 -465091 -761189 -400917 -1004853 1122702;
701, -408829 -204466 -503926 -485517 -763051 -405054 -955055 1165519;
702, -408829 -204466 -503926 -485517 -763051 -405054 -955055 1165519;
703, -421653 -233063 -517164 -467883 -748934 -417155 -957434 1179119;
704, -421653 -233063 -517164 -467883 -748934 -417155 -957434 1179119;
705, -431168 -245990 -527610 -461264 -740350 -419637 -960381 1187496;
706, -431168 -245990 -527610 -461264 -740350 -419637 -960381 1187496;
707, -431168 -245990 -527610 -461264 -740350 -419637 -960381 1187496;
708, -447147 -272467 -534229 -454025 -734920 -427652 -953193 1203630;
709, -447147 -272467 -534229 -454025 -734920 -427652 -953193 1203630;
710, -450405 -278362 -537900 -453870 -733731 -427083 -911566 1251463;
711, -450405 -278362 -537900 -453870 -733731 -427083 -911566 1251463;
712, -458368 -304476 -560136 -464574 -737402 -435564 -891450 1296297;
713, -458368 -304476 -560136 -464574 -737402 -435564 -891450 1296297;
714, -457024 -312956 -584492 -485775 -752812 -440063 -853442 1372312;
715, -457024 -312956 -584492 -485775 -752812 -440063 -853442 1372312;
716, -457024 -312956 -584492 -485775 -752812 -440063 -853442 1372312;
717, -467315 -337778 -601143 -497617 -776341 -438667 -810005 1420714;
718, -467315 -337778 -601143 -497617 -776341 -438667 -810005 1420714;
719, -470107 -346620 -608900 -509925 -812901 -434375 -763465 1452982;
720, -470107 -346620 -608900 -509925 -812901 -434375 -763465 1452982;
721, -469228 -358618 -616036 -516647 -854838 -415913 -681296 1485405;
722, -469228 -358618 -616036 -516647 -854838 -415913 -681296 1485405;
723, -467263 -362392 -572702 -502013 -867921 -393523 -650734 1495695;
724, -467263 -362392 -572702 -502013 -867921 -393523 -650734 1495695;
725, -467263 -362392 -572702 -502013 -867921 -393523 -650734 1495695;
726, -473675 -342897 -517474 -472382 -878212 -371390 -594886 1542960;
727, -473675 -342897 -517474 -472382 -878212 -371390 -594886 1542960;
728, -479208 -328935 -487844 -453042 -885762 -356446 -558275 1578071;
729, -479208 -328935 -487844 -453042 -885762 -356446 -558275 1578071;
730, -476002 -338037 -509925 -469021 -889330 -354015 -558533 1613545;
731, -476002 -338037 -509925 -469021 -889330 -354015 -558533 1613545;
732, -457541 -384939 -612210 -528541 -881987 -350758 -560757 1635419;
733, -457541 -384939 -612210 -528541 -881987 -350758 -560757 1635419;
734, -457541 -384939 -612210 -528541 -881987 -350758 -560757 1635419;
735, -454852 -429565 -687915 -570789 -910169 -350396 -558326 1643331;
736, -454852 -429565 -687915 -570789 -910169 -350396 -558326 1643331;
737, -448130 -450508 -722303 -604918 -931371 -350447 -557913 1656155;
738, -448130 -450508 -722303 -604918 -931371 -350447 -557913 1656155;
739, -469590 -468245 -748572 -629326 -946729 -350758 -555637 1667842;
740, -469590 -468245 -748572 -629326 -946729 -350758 -555637 1667842;
741, -469590 -468245 -748572 -629326 -946729 -350758 -555637 1667842;
742, -482983 -496893 -791027 -659422 -966845 -350602 -545657 1680770;
743, -482983 -496893 -791027 -659422 -966845 -350602 -545657 1680770;
744, -483862 -509666 -814710 -688846 -986754 -348999 -522594 1688630;
745, -483862 -509666 -814710 -688846 -986754 -348999 -522594 1688630;
746, -487172 -524817 -834309 -702859 -994045 -349827 -522594 1695663;
747, -487172 -524817 -834309 -702859 -994045 -349827 -522594 1695663;
748, -496014 -545915 -848633 -709427 -996165 -349051 -522956 1702437;
749, -496014 -545915 -848633 -709427 -996165 -349051 -522956 1702437;
750, -506822 -553827 -846617 -713305 -991718 -347861 -523421 1705229;
751, -506822 -553827 -846617 -713305 -991718 -347861 -523421 1705229;
752, -506822 -553827 -846617 -713305 -991718 -347861 -523421 1705229;
753, -520577 -557758 -845272 -709271 -986650 -346620 -523576 1708384;
754, -520577 -557758 -845272 -709271 -986650 -346620 -523576 1708384;
755, -527299 -536659 -834671 -703531 -980859 -345586 -524921 1710917;
756, -527299 -536659 -834671 -703531 -980859 -345586 -524921 1710917;
757, -529472 -550053 -840153 -702135 -981324 -346000 -524611 1714279;
758, -529472 -550053 -840153 -702135 -981324 -346000 -524611 1714279;
759, -529472 -550053 -840153 -702135 -981324 -346000 -524611 1714279;
760, -537021 -564945 -851632 -701567 -984737 -346982 -525334 1718054;
761, -537021 -564945 -851632 -701567 -984737 -346982 -525334 1718054;
762, -544881 -572961 -865439 -706893 -988926 -348844 -525179 1722449;
763, -544881 -572961 -865439 -706893 -988926 -348844 -525179 1722449;
764, -552793 -583199 -879401 -714701 -995028 -350085 -524766 1724052;
765, -552793 -583199 -879401 -714701 -995028 -350085 -524766 1724052;
766, -556982 -588577 -890726 -718631 -997665 -350292 -525593 1726224;
767, -556982 -588577 -890726 -718631 -997665 -350292 -525593 1726224;
768, -556982 -588577 -890726 -718631 -997665 -350292 -525593 1726224;
769, -571926 -593283 -903964 -727474 -1003663 -352205 -526524 1731705;
770, -571926 -593283 -903964 -727474 -1003663 -352205 -526524 1731705;
771, -584803 -594576 -918547 -736265 -1004439 -353653 -529265 1728810;
772, -584803 -594576 -918547 -736265 -1004439 -353653 -529265 1728810;
773, -591060 -594007 -929510 -739522 -1003250 -352102 -509201 1688475;
774, -591060 -594007 -929510 -739522 -1003250 -352102 -509201 1688475;
775, -587440 -593645 -952521 -756794 -1014626 -341656 -479260 1633661;
776, -587440 -593645 -952521 -756794 -1014626 -341656 -479260 1633661;
777, -587440 -593645 -952521 -756794 -1014626 -341656 -479260 1633661;
778, -596179 -602901 -998182 -808712 -1023831 -345948 -488465 1623836;
779, -596179 -602901 -998182 -808712 -1023831 -345948 -488465 1623836;
780, -612572 -618673 -1019694 -859803 -1025331 -367874 -510287 1619854;
781, -612572 -618673 -1019694 -859803 -1025331 -367874 -510287 1619854;
782, -628653 -634652 -1044050 -934577 -1040327 -365133 -483552 1584329;
783, -628653 -634652 -1044050 -934577 -1040327 -365133 -483552 1584329;
784, -630257 -648407 -1071767 -985719 -1067889 -359962 -461730 1551130;
785, -630257 -648407 -1071767 -985719 -1067889 -359962 -461730 1551130;
786, -630257 -648407 -1071767 -985719 -1067889 -359962 -461730 1551130;
787, -629946 -652906 -1089659 -1015040 -1083971 -366478 -483448 1485043;
788, -629946 -652906 -1089659 -1015040 -1083971 -366478 -483448 1485043;
789, -626637 -655647 -1107241 -1048807 -1109361 -389282 -527920 1412906;
790, -626637 -655647 -1107241 -1048807 -1109361 -389282 -527920 1412906;
791, -621052 -657974 -1119910 -1082057 -1119341 -404951 -543744 1381258;
792, -621052 -657974 -1119910 -1082057 -1119341 -404951 -543744 1381258;
793, -621724 -658853 -1123375 -1109206 -1132579 -426825 -572754 1350749;
794, -621724 -658853 -1123375 -1109206 -1132579 -426825 -572754 1350749;
795, -621724 -658853 -1123375 -1109206 -1132579 -426825 -572754 1350749;
796, -614795 -660560 -1141629 -1147007 -1145455 -430755 -566910 1345888;
797, -614795 -660560 -1141629 -1147007 -1145455 -430755 -566910 1345888;
798, -614019 -662990 -1156832 -1186152 -1168674 -447561 -586871 1307260;
799, -614019 -662990 -1156832 -1186152 -1168674 -447561 -586871 1307260;
800, -600833 -665575 -1177517 -1226022 -1198563 -485982 -632170 1227521;
801, -600833 -665575 -1177517 -1226022 -1198563 -485982 -632170 1227521;
802, -577511 -663972 -1187083 -1256014 -1208078 -526317 -668678 1167794;
803, -577511 -663972 -1187083 -1256014 -1208078 -526317 -668678 1167794;
804, -577511 -663972 -1187083 -1256014 -1208078 -526317 -668678 1167794;
805, -562256 -661542 -1195667 -1282542 -1216714 -571978 -718217 1064786;
806, -562256 -661542 -1195667 -1282542 -1216714 -571978 -718217 1064786;
807, -521042 -645253 -1200218 -1298521 -1222143 -627102 -768429 942333;
808, -521042 -645253 -1200218 -1298521 -1222143 -627102 -768429 942333;
809, -469124 -608796 -1199597 -1310828 -1235536 -684553 -883073 745986;
810, -469124 -608796 -1199597 -1310828 -1235536 -684553 -883073 745986;
811, -373355 -471813 -1091004 -1288851 -1308863 -875988 -1407631 107508;
812, -373355 -471813 -1091004 -1288851 -1308863 -875988 -1407631 107508;
813, -373355 -471813 -1091004 -1288851 -1308863 -875988 -1407631 107508;
814, -339898 -291496 -851943 -1114222 -1551699 -851115 -1577451 105232;
815, -339898 -291496 -851943 -1114222 -1551699 -851115 -1577451 105232;
816, -350551 -263365 -819882 -1120583 -1603565 -883073 -1614580 96234;
817, -350551 -263365 -819882 -1120583 -1603565 -883073 -1614580 96234;
818, -375268 -224944 -698153 -1040378 -1602014 -904533 -1575383 60192;
819, -375268 -224944 -698153 -1040378 -1602014 -904533 -1575383 60192;
820, -400038 -156220 -486241 -769567 -1437314 -1002888 -1471185 19650;
821, -400038 -156220 -486241 -769567 -1437314 -1002888 -1471185 19650;
822, -400038 -156220 -486241 -769567 -1437314 -1002888 -1471185 19650;
823, -411001 -137759 -370459 -462092 -1162676 -1054289 -1325566 3154;
824, -411001 -137759 -370459 -462092 -1162676 -1054289 -1325566 3154;
825, -411777 -132381 -316938 -180472 -794129 -848013 -1283886 -7395;
826, -411777 -132381 -316938 -180472 -794129 -848013 -1283886 -7395;
827, -419844 -148928 -282447 15462 -454128 -527196 -1504383 25183;
828, -419844 -148928 -282447 15462 -454128 -527196 -1504383 25183;
829, -434116 -157771 -270502 60450 -261866 -291289 -1411096 153169;
830, -434116 -157771 -270502 60450 -261866 -291289 -1411096 153169;
831, -434116 -157771 -270502 60450 -261866 -291289 -1411096 153169;
832, -441562 -154720 -262331 88943 -159426 -201105 -1382500 175818;
833, -441562 -154720 -262331 88943 -159426 -201105 -1382500 175818;
834, -445130 -153324 -238441 156995 -80980 -175198 -1413320 79377;
835, -445130 -153324 -238441 156995 -80980 -175198 -1413320 79377;
836, -443475 -154048 -220032 212429 -7447 -142620 -1470926 -68724;
837, -443475 -154048 -220032 212429 -7447 -142620 -1470926 -68724;
838, -442338 -154565 -208448 248110 26941 -152135 -1559714 -114178;
839, -442338 -154565 -208448 248110 26941 -152135 -1559714 -114178;
840, -442338 -154565 -208448 248110 26941 -152135 -1559714 -114178;
841, -445596 -159788 -176129 317610 107921 -149808 -1624250 -151721;
842, -445596 -159788 -176129 317610 107921 -149808 -1624250 -151721;
843, -452370 -160822 -167906 395074 220755 -79273 -1645658 -194176;
844, -452370 -160822 -167906 395074 220755 -79273 -1645658 -194176;
845, -459299 -159840 -159891 468814 324695 16806 -1636195 -219514;
846, -459299 -159840 -159891 468814 324695 16806 -1636195 -219514;
847, -459299 -159840 -159891 468814 324695 16806 -1636195 -219514;
848, -462454 -162218 -156013 513803 395229 82686 -1626060 -231615;
849, -462454 -162218 -156013 513803 395229 82686 -1626060 -231615;
850, -464832 -164235 -153531 548190 451129 134604 -1617217 -236217;
851, -464832 -164235 -153531 548190 451129 134604 -1617217 -236217;
852, -467780 -168010 -148877 583716 513234 195417 -1606720 -238596;
853, -467780 -168010 -148877 583716 513234 195417 -1606720 -238596;
854, -470779 -170233 -145826 609365 551810 225564 -1604341 -239009;
855, -470779 -170233 -145826 609365 551810 225564 -1604341 -239009;
856, -470882 -171940 -145205 618673 570271 256022 -1589448 -246714;
857, -470882 -171940 -145205 618673 570271 256022 -1589448 -246714;
858, -470882 -171940 -145205 618673 570271 256022 -1589448 -246714;
859, -472848 -174836 -143706 622862 576114 289790 -1562300 -266054;
860, -472848 -174836 -143706 622862 576114 289790 -1562300 -266054;
861, -475847 -178507 -141585 628653 586871 340880 -1511209 -286946;
862, -475847 -178507 -141585 628653 586871 340880 -1511209 -286946;
863, -476416 -180214 -141585 629481 599850 422998 -1405563 -310113;
864, -476416 -180214 -141585 629481 599850 422998 -1405563 -310113;
865, -476416 -180214 -141585 629481 599850 422998 -1405563 -310113;
866, -476984 -181041 -142154 631135 601557 483552 -1321843 -322213;
867, -476984 -181041 -142154 631135 601557 483552 -1321843 -322213;
868, -477036 -180834 -142516 632583 603780 529885 -1236726 -334623;
869, -477036 -180834 -142516 632583 603780 529885 -1236726 -334623;
870, -477863 -181248 -142568 633980 607400 566238 -1064993 -311767;
871, -477863 -181248 -142568 633980 607400 566238 -1064993 -311767;
872, -478691 -182851 -142620 641840 609106 569702 -884469 -257263;
873, -478691 -182851 -142620 641840 609106 569702 -884469 -257263;
874, -478691 -182851 -142620 641840 609106 569702 -884469 -257263;
875, -482880 -186109 -142568 646183 614536 567169 -819468 -243043;
876, -482880 -186109 -142568 646183 614536 567169 -819468 -243043;
877, -483552 -187660 -142309 649234 622396 561222 -786218 -239940;
878, -483552 -187660 -142309 649234 622396 561222 -786218 -239940;
879, -490067 -193607 -140499 655543 637754 587336 -703945 -175818;
880, -490067 -193607 -140499 655543 637754 587336 -703945 -175818;
881, -501392 -199450 -131605 666195 658180 614588 -607504 -94011;
882, -501392 -199450 -131605 666195 658180 614588 -607504 -94011;
883, -501392 -199450 -131605 666195 658180 614588 -607504 -94011;
884, -498548 -201157 -131243 669660 682536 655595 -521301 31130;
885, -498548 -201157 -131243 669660 682536 655595 -521301 31130;
886, -498496 -201467 -131399 672246 701928 690965 -431065 187815;
887, -498496 -201467 -131399 672246 701928 690965 -431065 187815;
888, -503823 -215171 -112937 677779 718683 708909 -363530 334416;
889, -503823 -215171 -112937 677779 718683 708909 -363530 334416;
890, -490791 -216567 -108025 680675 729232 766671 -291134 475847;
891, -490791 -216567 -108025 680675 729232 766671 -291134 475847;
892, -490791 -216567 -108025 680675 729232 766671 -291134 475847;
893, -487430 -216567 -106215 681450 745417 782701 -253489 578442;
894, -487430 -216567 -106215 681450 745417 782701 -253489 578442;
895, -486758 -216670 -105439 678813 761913 827690 -193038 731766;
896, -486758 -216670 -105439 678813 761913 827690 -193038 731766;
897, -481484 -214705 -95563 676279 784925 922735 -96804 953968;
898, -481484 -214705 -95563 676279 784925 922735 -96804 953968;
899, -479725 -212637 -86616 664903 820037 1048704 40593 1276647;
900, -479725 -212637 -86616 664903 820037 1048704 40593 1276647;
901, -479725 -212637 -86616 664903 820037 1048704 40593 1276647;
902, -480087 -205449 -77515 638426 785959 1160193 359445 1849038;
903, -480087 -205449 -77515 638426 785959 1160193 359445 1849038;
904, -466332 -152962 -77360 533660 632790 1088004 538624 2068397;
905, -466332 -152962 -77360 533660 632790 1088004 538624 2068397;
906, -453870 -124883 -75912 528540 634031 1086763 545398 2064571;
907, -453870 -124883 -75912 528540 634031 1086763 545398 2064571;
908, -455111 -124107 -79532 527247 631135 1086246 545864 2068966;
909, -455111 -124107 -79532 527247 631135 1086246 545864 2068966;
910, -455111 -124107 -79532 527247 631135 1086246 545864 2068966;
911, -454697 -124469 -83359 526162 625964 1080713 541985 2080756;
912, -454697 -124469 -83359 526162 625964 1080713 541985 2080756;
913, -452784 -128140 -90288 520318 614898 1079575 539038 2123676;
914, -452784 -128140 -90288 520318 614898 1079575 539038 2123676;
915, -452939 -130675 -91891 525903 620328 1087901 543381 2154186;
916, -452939 -130675 -91891 525903 620328 1087901 543381 2154186;
917, -452318 -132743 -97786 519749 606935 1079472 540589 2148860;
918, -452318 -132743 -97786 519749 606935 1079472 540589 2148860;
919, -452318 -132743 -97786 519749 606935 1079472 540589 2148860;
920, -448957 -140138 -104922 488774 552690 1033501 493428 2012704;
921, -448957 -140138 -104922 488774 552690 1033501 493428 2012704;
922, -445803 -149239 -125193 444923 481276 957485 413328 1977230;
923, -445803 -149239 -125193 444923 481276 957485 413328 1977230;
924, -455783 -182127 -163304 322781 242474 681916 112524 1698145;
925, -455783 -182127 -163304 322781 242474 681916 112524 1698145;
926, -455421 -177266 -181610 252609 189832 660714 120901 1703212;
927, -455421 -177266 -181610 252609 189832 660714 120901 1703212;
928, -455421 -177266 -181610 252609 189832 660714 120901 1703212;
929, -452991 -167131 -182748 255660 182024 660300 122866 1703212;
930, -452991 -167131 -182748 255660 182024 660300 122866 1703212;
931, -453766 -164907 -183006 255143 177938 660300 123900 1703419;
932, -453766 -164907 -183006 255143 177938 660300 123900 1703419;
933, -453404 -163201 -183058 254936 175973 659887 124676 1703678;
934, -453404 -163201 -183058 254936 175973 659887 124676 1703678;
935, -453611 -162270 -183627 253954 174577 659370 125813 1704143;
936, -453611 -162270 -183627 253954 174577 659370 125813 1704143;
937, -453611 -162270 -183627 253954 174577 659370 125813 1704143;
938, -453766 -161287 -184196 254160 173129 659059 126124 1704298;
939, -453766 -161287 -184196 254160 173129 659059 126124 1704298;
940, -453921 -160822 -184402 253747 172508 658180 126796 1704350;
941, -453921 -160822 -184402 253747 172508 658180 126796 1704350;
942, -453870 -160563 -184144 253747 171836 657198 126589 1704505;
943, -453870 -160563 -184144 253747 171836 657198 126589 1704505;
944, -453766 -160098 -184351 253643 171009 656784 127003 1704815;
945, -453766 -160098 -184351 253643 171009 656784 127003 1704815;
946, -453766 -160098 -184351 253643 171009 656784 127003 1704815;
947, -453766 -159788 -184247 253488 170647 655957 127365 1704971;
948, -453766 -159788 -184247 253488 170647 655957 127365 1704971;
949, -453715 -159840 -184247 253178 170130 655026 127572 1705333;
950, -453715 -159840 -184247 253178 170130 655026 127572 1705333;
951, -453870 -159581 -183989 253385 169819 654509 127365 1705281;
952, -453870 -159581 -183989 253385 169819 654509 127365 1705281;
953, -453870 -159581 -183989 253385 169819 654509 127365 1705281;
954, -453921 -159685 -184506 253023 169354 653681 127468 1705333;
955, -453921 -159685 -184506 253023 169354 653681 127468 1705333;
956, -453870 -159478 -184558 252661 169147 653371 127830 1705591;
957, -453870 -159478 -184558 252661 169147 653371 127830 1705591;
958, -453766 -159323 -184454 252609 168785 653268 127933 1705850;
959, -453766 -159323 -184454 252609 168785 653268 127933 1705850;
960, -453870 -159219 -184868 252713 168837 652389 128089 1705901;
961, -453870 -159219 -184868 252713 168837 652389 128089 1705901;
962, -453766 -158857 -185075 252506 168217 651923 127985 1706470;
963, -453766 -158857 -185075 252506 168217 651923 127985 1706470;
964, -453766 -158857 -185075 252506 168217 651923 127985 1706470;
965, -453870 -158961 -185178 252299 168475 651561 127985 1706626;
966, -453870 -158961 -185178 252299 168475 651561 127985 1706626;
967, -453818 -158805 -185075 252195 168165 651561 128295 1706367;
968, -453818 -158805 -185075 252195 168165 651561 128295 1706367;
969, -453870 -158702 -185178 252195 168268 651096 128089 1706470;
970, -453870 -158702 -185178 252195 168268 651096 128089 1706470;
971, -453870 -158702 -185178 252195 168268 651096 128089 1706470;
972, -453663 -158754 -185230 252195 168268 650786 127985 1706729;
973, -453663 -158754 -185230 252195 168268 650786 127985 1706729;
974, -453870 -158702 -185230 252299 167855 650631 128089 1706832;
975, -453870 -158702 -185230 252299 167855 650631 128089 1706832;
976, -453921 -158805 -185488 252092 167855 650320 128037 1706988;
977, -453921 -158805 -185488 252092 167855 650320 128037 1706988;
